0,446,447,458,75,50,-225,100,50,-225,100,50,-250,0.818341,0.146698,0.0349609,-0.730079,-0.66614,-0.152456,540.516,470.288,-129.169,624.177
2,485,484,152,125,25,-100,125,25,-75,125,0,-75,0.701888,0.144743,0.153369,-0.665896,-0.744138,0.0533001,540.516,470.288,-129.169,630.05
3,452,451,440,-50,50,-250,-75,50,-250,-75,50,-225,0.103455,0.178,0.718545,-0.816717,-0.560583,-0.136824,540.516,470.288,-129.169,746.676
4,374,375,386,-75,50,-75,-50,50,-75,-50,50,-100,0.124084,0.365417,0.510499,-0.801181,-0.595232,0.0616972,540.516,470.288,-129.169,742.177
7,335,334,323,50,50,25,25,50,25,25,50,50,0.571841,0.0226349,0.405524,-0.708327,-0.666608,0.23218,540.516,470.288,-129.169,721.079
8,387,388,399,-25,50,-100,0,50,-100,0,50,-125,0.460593,0.173265,0.366141,-0.784881,-0.618651,0.0351029,540.516,470.288,-129.169,705.209
9,331,330,319,-50,50,25,-75,50,25,-75,50,50,0.0652002,0.410992,0.523808,-0.772894,-0.597954,0.212334,540.516,470.288,-129.169,830.873
10,353,352,341,-50,50,-25,-75,50,-25,-75,50,-0,0.468142,0.213008,0.31885,-0.787988,-0.597223,0.149662,540.516,470.288,-129.169,789.644
11,282,283,294,100,50,150,125,50,150,125,50,125,0.781626,0.00135559,0.217018,-0.609249,-0.699938,0.372697,540.516,470.288,-129.169,736.472
14,441,442,453,-50,50,-225,-25,50,-225,-25,50,-250,0.681018,0.155954,0.163028,-0.802997,-0.579952,-0.137297,540.516,470.288,-129.169,729.145
16,363,364,375,-75,50,-50,-50,50,-50,-50,50,-75,0.736091,0.0807931,0.183116,-0.8011,-0.589527,0.103428,540.516,470.288,-129.169,783.604
17,282,283,294,100,50,150,125,50,150,125,50,125,0.921783,0.00529236,0.0729242,-0.610661,-0.697169,0.375564,540.516,470.288,-129.169,738.877
18,409,410,421,-25,50,-150,0,50,-150,0,50,-175,0.144526,0.776541,0.0789331,-0.786758,-0.616648,-0.027498,540.516,470.288,-129.169,688.75
19,342,343,354,-50,50,-0,-25,50,-0,-25,50,-25,0.139399,0.267717,0.592884,-0.768815,-0.619551,0.158363,540.516,470.288,-129.169,751.355
20,298,297,286,-50,50,100,-75,50,100,-75,50,125,0.275107,0.651581,0.0733118,-0.746829,-0.603092,0.280227,540.516,470.288,-129.169,850.445
21,330,331,342,-75,50,25,-50,50,25,-50,50,-0,0.613916,0.340824,0.04526,-0.774033,-0.60184,0.196623,540.516,470.288,-129.169,799.726
23,324,325,336,50,50,50,75,50,50,75,50,25,0.36198,0.419554,0.218466,-0.685249,-0.683897,0.250437,540.516,470.288,-129.169,702.526
26,364,365,376,-50,50,-50,-25,50,-50,-25,50,-75,0.396116,0.17705,0.426834,-0.786701,-0.609381,0.0987794,540.516,470.288,-129.169,746.67
27,327,326,315,125,50,50,100,50,50,100,50,75,0.69601,0.0207971,0.283193,-0.638749,-0.717517,0.277793,540.516,470.288,-129.169,662.781
30,374,373,362,-75,50,-75,-100,50,-75,-100,50,-50,0.265908,0.5184,0.215692,-0.815133,-0.57346,0.0818729,540.516,470.288,-129.169,785.293
32,254,253,234,-50,50,200,-75,50,200,-75,50,225,0.657219,0.254913,0.087868,-0.700066,-0.606788,0.37645,540.516,470.288,-129.169,881.476
34,363,364,375,-75,50,-50,-50,50,-50,-50,50,-75,0.205911,0.268666,0.525424,-0.797156,-0.596523,0.0932887,540.516,470.288,-129.169,767.151
35,310,311,322,-25,50,75,0,50,75,0,50,50,0.0425025,0.172116,0.785381,-0.72629,-0.641584,0.246725,540.516,470.288,-129.169,761.176
36,369,370,381,75,50,-50,100,50,-50,100,50,-75,0.836204,0.0991257,0.0646707,-0.714158,-0.68848,0.126388,540.516,470.288,-129.169,659.039
39,333,332,321,0,50,25,-25,50,25,-25,50,50,0.587769,0.032666,0.379565,-0.740197,-0.635319,0.220177,540.516,470.288,-129.169,751.505
41,252,262,251,-100,50,200,-125,50,200,-125,50,225,0.622273,0.0534686,0.324258,-0.725807,-0.582379,0.366113,540.516,470.288,-129.169,924.109
42,479,480,338,125,25,50,125,25,25,125,50,25,0.359966,0.394003,0.24603,-0.631398,-0.740004,0.231797,540.516,470.288,-129.169,659.256
43,316,305,477,125,50,75,125,50,100,125,25,100,0.183685,0.524111,0.292203,-0.60962,-0.726907,0.316179,540.516,470.288,-129.169,698.831
45,397,398,409,-50,50,-125,-25,50,-125,-25,50,-150,0.681414,0.0626208,0.255966,-0.804075,-0.594521,0.00283457,540.516,470.288,-129.169,735.77
47,302,303,314,50,50,100,75,50,100,75,50,75,0.0779126,0.189734,0.732353,-0.664314,-0.686129,0.296503,540.516,470.288,-129.169,718.677
49,419,420,431,-50,50,-175,-25,50,-175,-25,50,-200,0.16887,0.524102,0.307029,-0.800819,-0.594649,-0.0712884,540.516,470.288,-129.169,722.228
50,474,473,31,125,25,175,125,25,200,125,0,200,0.559445,0.358312,0.0822424,-0.560365,-0.72631,0.398077,540.516,470.288,-129.169,768.868
51,420,421,432,-25,50,-175,0,50,-175,0,50,-200,0.108472,0.717149,0.174379,-0.787106,-0.612997,-0.0685544,540.516,470.288,-129.169,688.711
52,490,489,207,125,25,-225,125,25,-200,125,0,-200,0.427491,0.525568,0.0469409,-0.675508,-0.725535,-0.131483,540.516,470.288,-129.169,607.02
53,331,332,343,-50,50,25,-25,50,25,-25,50,-0,0.458716,0.0568598,0.484424,-0.762949,-0.618119,0.189308,540.516,470.288,-129.169,757.368
54,196,207,489,125,0,-175,125,0,-200,125,25,-200,0.148762,0.550259,0.300979,-0.663304,-0.740419,-0.108661,540.516,470.288,-129.169,618.626
55,339,329,340,-125,50,25,-100,50,25,-100,50,-0,0.420286,0.460266,0.119448,-0.79596,-0.575902,0.186506,540.516,470.288,-129.169,819.858
56,252,262,251,-100,50,200,-125,50,200,-125,50,225,0.618506,0.0456134,0.335881,-0.725755,-0.582292,0.366354,540.516,470.288,-129.169,924.177
57,348,347,336,100,50,-0,75,50,-0,75,50,25,0.305973,0.468288,0.225739,-0.689299,-0.694526,0.206158,540.516,470.288,-129.169,679.009
58,273,263,274,-125,50,175,-100,50,175,-100,50,150,0.00812984,0.0835675,0.908303,-0.743802,-0.587311,0.319099,540.516,470.288,-129.169,889.078
60,309,308,297,-50,50,75,-75,50,75,-75,50,100,0.0338257,0.455599,0.510576,-0.754737,-0.600792,0.263479,540.516,470.288,-129.169,828.052
61,392,391,380,100,50,-100,75,50,-100,75,50,-75,0.432905,0.0976331,0.469462,-0.719399,-0.690856,0.0719901,540.516,470.288,-129.169,643.421
63,291,292,303,50,50,125,75,50,125,75,50,100,0.250015,0.294116,0.45587,-0.653663,-0.680885,0.330333,540.516,470.288,-129.169,751.389
64,385,386,397,-75,50,-100,-50,50,-100,-50,50,-125,0.888394,0.042059,0.0695474,-0.812863,-0.580949,0.0418487,540.516,470.288,-129.169,760.586
66,380,379,368,75,50,-75,50,50,-75,50,50,-50,0.617902,0.14426,0.237838,-0.728315,-0.678194,0.0980367,540.516,470.288,-129.169,650.478
67,449,439,450,-125,50,-225,-100,50,-225,-100,50,-250,0.343601,0.387765,0.268634,-0.831865,-0.539285,-0.131045,540.516,470.288,-129.169,779.612
68,369,370,381,75,50,-50,100,50,-50,100,50,-75,0.0874096,0.0532657,0.859325,-0.705542,-0.701793,0.0984746,540.516,470.288,-129.169,631.189
69,398,397,386,-25,50,-125,-50,50,-125,-50,50,-100,0.562109,0.376304,0.0615863,-0.80041,-0.599292,0.0138799,540.516,470.288,-129.169,722.717
70,491,490,218,125,25,-250,125,25,-225,125,0,-225,0.157294,0.213004,0.629702,-0.660943,-0.733711,-0.157551,540.516,470.288,-129.169,615.895
73,424,425,436,75,50,-175,100,50,-175,100,50,-200,0.644305,0.221732,0.133963,-0.732396,-0.676812,-0.0743132,540.516,470.288,-129.169,610.022
74,282,281,270,100,50,150,75,50,150,75,50,175,0.454659,0.341028,0.204312,-0.619872,-0.687902,0.377556,540.516,470.288,-129.169,749.365
75,386,387,398,-50,50,-100,-25,50,-100,-25,50,-125,0.762412,0.00492158,0.232666,-0.800715,-0.597869,0.0375236,540.516,470.288,-129.169,734.8
76,400,401,412,25,50,-125,50,50,-125,50,50,-150,0.474858,0.123768,0.401374,-0.760936,-0.648821,-0.00258653,540.516,470.288,-129.169,669.109
77,341,342,353,-75,50,-0,-50,50,-0,-50,50,-25,0.901309,0.0827502,0.0159412,-0.786012,-0.595041,0.167663,540.516,470.288,-129.169,794.659
78,437,426,488,125,50,-200,125,50,-175,125,25,-175,0.18859,0.59077,0.22064,-0.695612,-0.713703,-0.0821757,540.516,470.288,-129.169,595.66
79,421,420,409,0,50,-175,-25,50,-175,-25,50,-150,0.316663,0.0587921,0.624545,-0.793983,-0.606754,-0.0379584,540.516,470.288,-129.169,715.362
81,363,364,375,-75,50,-50,-50,50,-50,-50,50,-75,0.734558,0.0820087,0.183433,-0.801079,-0.589554,0.103435,540.516,470.288,-129.169,783.603
82,321,322,333,-25,50,50,0,50,50,0,50,25,0.106648,0.755038,0.138314,-0.731658,-0.639525,0.235975,540.516,470.288,-129.169,752.479
83,437,426,488,125,50,-200,125,50,-175,125,25,-175,0.200441,0.579678,0.219882,-0.695632,-0.713624,-0.0826861,540.516,470.288,-129.169,595.71
84,310,311,322,-25,50,75,0,50,75,0,50,50,0.182153,0.713643,0.104204,-0.721429,-0.640157,0.26408,540.516,470.288,-129.169,775.948
85,371,370,359,125,50,-50,100,50,-50,100,50,-25,0.306635,0.468716,0.22465,-0.688957,-0.710928,0.141136,540.516,470.288,-129.169,633.352
89,266,265,254,-25,50,175,-50,50,175,-50,50,200,0.0573145,0.927945,0.0147406,-0.706202,-0.612369,0.355362,540.516,470.288,-129.169,852.528
90,308,309,320,-75,50,75,-50,50,75,-50,50,50,0.531956,0.0192822,0.448762,-0.758884,-0.604776,0.241537,540.516,470.288,-129.169,811.652
92,388,387,376,0,50,-100,-25,50,-100,-25,50,-75,0.341384,0.595479,0.0631372,-0.785784,-0.616523,0.0494228,540.516,470.288,-129.169,710.779
93,260,259,246,100,50,200,75,50,200,75,50,225,0.19361,0.743581,0.0628094,-0.603949,-0.677413,0.41995,540.516,470.288,-129.169,797.546
94,294,293,282,125,50,125,100,50,125,100,50,150,0.226785,0.00202822,0.771187,-0.609247,-0.700104,0.372388,540.516,470.288,-129.169,736.416
95,485,486,404,125,25,-100,125,25,-125,125,50,-125,0.298999,0.0695554,0.631445,-0.687453,-0.725924,0.0210137,540.516,470.288,-129.169,605.611
96,336,337,348,75,50,25,100,50,25,100,50,-0,0.160222,0.55549,0.284288,-0.674187,-0.703409,0.22514,540.516,470.288,-129.169,679.105
97,290,291,302,25,50,125,50,50,125,50,50,100,0.107821,0.0193377,0.872841,-0.673308,-0.67018,0.312275,540.516,470.288,-129.169,747.931
98,409,408,397,-25,50,-150,-50,50,-150,-50,50,-125,0.318501,0.585209,0.0962897,-0.805326,-0.592486,-0.0202701,540.516,470.288,-129.169,732.466
100,333,332,321,0,50,25,-25,50,25,-25,50,50,0.587959,0.0325061,0.379535,-0.740196,-0.63532,0.220177,540.516,470.288,-129.169,751.505
101,401,400,389,50,50,-125,25,50,-125,25,50,-100,0.447239,0.498506,0.0542557,-0.760249,-0.649461,0.0149049,540.516,470.288,-129.169,668.094
103,406,416,405,-100,50,-150,-125,50,-150,-125,50,-125,0.734539,0.15001,0.115452,-0.833295,-0.552537,-0.0179689,540.516,470.288,-129.169,801.904
104,486,487,415,125,25,-125,125,25,-150,125,50,-150,0.396753,0.0683551,0.534891,-0.689385,-0.724222,-0.0158146,540.516,470.288,-129.169,607.469
105,174,185,487,125,0,-125,125,0,-150,125,25,-150,0.263373,0.260402,0.476224,-0.666286,-0.745182,-0.0276857,540.516,470.288,-129.169,613.559
106,434,433,422,50,50,-200,25,50,-200,25,50,-175,0.690686,0.21829,0.0910242,-0.759687,-0.642032,-0.1033,540.516,470.288,-129.169,659.406
107,313,314,325,50,50,75,75,50,75,75,50,50,0.151298,0.388968,0.459734,-0.673134,-0.686482,0.275014,540.516,470.288,-129.169,705.52
108,431,430,419,-25,50,-200,-50,50,-200,-50,50,-175,0.533657,0.440479,0.0258643,-0.80369,-0.587223,-0.0961841,540.516,470.288,-129.169,741.199
109,299,300,311,-25,50,100,0,50,100,0,50,75,0.167371,0.560393,0.272236,-0.713845,-0.638833,0.286911,540.516,470.288,-129.169,791.032
110,430,429,418,-50,50,-200,-75,50,-200,-75,50,-175,0.855693,0.143196,0.00111084,-0.81188,-0.576117,-0.0945544,540.516,470.288,-129.169,737.21
112,366,367,378,0,50,-50,25,50,-50,25,50,-75,0.1547,0.481557,0.363743,-0.754547,-0.647357,0.107646,540.516,470.288,-129.169,705.79
113,479,478,86,125,25,50,125,25,75,125,0,75,0.165316,0.750599,0.0840845,-0.610169,-0.743902,0.272587,540.516,470.288,-129.169,696.076
114,296,297,308,-100,50,100,-75,50,100,-75,50,75,0.159292,0.470927,0.369781,-0.756223,-0.598019,0.26552,540.516,470.288,-129.169,831.434
115,348,349,360,100,50,-0,125,50,-0,125,50,-25,0.374321,0.516899,0.108779,-0.665667,-0.718963,0.199948,540.516,470.288,-129.169,638.384
116,346,347,358,50,50,-0,75,50,-0,75,50,-25,0.616998,0.223967,0.159035,-0.711183,-0.67733,0.188263,540.516,470.288,-129.169,695.113
117,322,323,334,0,50,50,25,50,50,25,50,25,0.194075,0.427267,0.378658,-0.718939,-0.654329,0.23448,540.516,470.288,-129.169,728.564
118,399,398,387,0,50,-125,-25,50,-125,-25,50,-100,0.534177,0.231806,0.234017,-0.7867,-0.617014,0.0199268,540.516,470.288,-129.169,703.884
119,278,277,266,0,50,150,-25,50,150,-25,50,175,0.628662,0.114936,0.256402,-0.689527,-0.634305,0.349587,540.516,470.288,-129.169,826.308
120,424,425,436,75,50,-175,100,50,-175,100,50,-200,0.572969,0.227928,0.199103,-0.730953,-0.678061,-0.0770834,540.516,470.288,-129.169,607.305
121,489,488,196,125,25,-200,125,25,-175,125,0,-175,0.813606,0.108541,0.0778528,-0.67658,-0.728542,-0.10708,540.516,470.288,-129.169,604.937
123,288,287,276,-25,50,125,-50,50,125,-50,50,150,0.47905,0.259061,0.261889,-0.717285,-0.620895,0.316214,540.516,470.288,-129.169,835.222
124,430,429,418,-50,50,-200,-75,50,-200,-75,50,-175,0.0865673,0.317609,0.595824,-0.820604,-0.567068,-0.0710165,540.516,470.288,-129.169,751.086
125,437,436,425,125,50,-200,100,50,-200,100,50,-175,0.620792,0.204076,0.175132,-0.706971,-0.699117,-0.106899,540.516,470.288,-129.169,591.869
126,411,412,423,25,50,-150,50,50,-150,50,50,-175,0.21993,0.598207,0.181862,-0.758203,-0.65119,-0.0328674,540.516,470.288,-129.169,657.143
127,346,345,334,50,50,-0,25,50,-0,25,50,25,0.43908,0.291832,0.269089,-0.722465,-0.66271,0.19713,540.516,470.288,-129.169,719.207
128,303,304,315,75,50,100,100,50,100,100,50,75,0.967709,0.00834106,0.0239502,-0.653949,-0.688011,0.31463,540.516,470.288,-129.169,732.099
130,311,310,299,0,50,75,-25,50,75,-25,50,100,0.15136,0.179992,0.668648,-0.724444,-0.629474,0.280969,540.516,470.288,-129.169,797.69
132,393,382,484,125,50,-100,125,50,-75,125,25,-75,0.794123,0.108114,0.0977625,-0.688262,-0.723094,0.0585704,540.516,470.288,-129.169,603.073
134,269,270,281,50,50,175,75,50,175,75,50,150,0.532343,0.229157,0.2385,-0.633821,-0.671564,0.383762,540.516,470.288,-129.169,773.975
135,484,485,393,125,25,-75,125,25,-100,125,50,-100,0.55238,0.0990494,0.348571,-0.675066,-0.734766,0.0663648,540.516,470.288,-129.169,622.131
136,330,329,318,-75,50,25,-100,50,25,-100,50,50,0.0204809,0.472645,0.506874,-0.785958,-0.582967,0.20596,540.516,470.288,-129.169,837.635
137,330,329,318,-75,50,25,-100,50,25,-100,50,50,0.0214649,0.462227,0.516308,-0.785886,-0.582973,0.206218,540.516,470.288,-129.169,837.659
138,279,280,291,25,50,150,50,50,150,50,50,125,0.249657,0.741105,0.00923767,-0.655413,-0.663897,0.360105,540.516,470.288,-129.169,783.96
139,425,426,437,100,50,-175,125,50,-175,125,50,-200,0.347252,0.36364,0.289108,-0.707609,-0.701597,-0.0839748,540.516,470.288,-129.169,600.784
140,349,348,337,125,50,-0,100,50,-0,100,50,25,0.515317,0.0329864,0.451696,-0.663145,-0.715713,0.219077,540.516,470.288,-129.169,653.292
141,382,371,483,125,50,-75,125,50,-50,125,25,-50,0.418246,0.289685,0.292069,-0.673715,-0.73069,0.110455,540.516,470.288,-129.169,620.706
142,254,255,266,-50,50,200,-25,50,200,-25,50,175,0.310881,0.528172,0.160947,-0.687558,-0.620014,0.377951,540.516,470.288,-129.169,870.161
143,407,408,419,-75,50,-150,-50,50,-150,-50,50,-175,0.029231,0.564374,0.406395,-0.810364,-0.584717,-0.0376335,540.516,470.288,-129.169,733.245
144,371,360,482,125,50,-50,125,50,-25,125,25,-25,0.418117,0.425381,0.156503,-0.66894,-0.728303,0.14864,540.516,470.288,-129.169,625.839
145,430,429,418,-50,50,-200,-75,50,-200,-75,50,-175,0.190466,0.247667,0.561866,-0.819422,-0.568603,-0.0723837,540.516,470.288,-129.169,752.21
147,271,272,283,100,50,175,125,50,175,125,50,150,0.238723,0.195027,0.566249,-0.590084,-0.706676,0.390397,540.516,470.288,-129.169,740.503
148,479,478,86,125,25,50,125,25,75,125,0,75,0.165763,0.749562,0.0846753,-0.610168,-0.743911,0.272565,540.516,470.288,-129.169,696.074
149,341,342,353,-75,50,-0,-50,50,-0,-50,50,-25,0.904546,0.0778156,0.0176385,-0.786058,-0.594999,0.167598,540.516,470.288,-129.169,794.656
150,279,280,291,25,50,150,50,50,150,50,50,125,0.726238,0.0207977,0.252964,-0.66661,-0.658657,0.349003,540.516,470.288,-129.169,788.737
151,260,261,272,100,50,200,125,50,200,125,50,175,0.279299,0.579968,0.140733,-0.574551,-0.699206,0.425444,540.516,470.288,-129.169,757.973
152,336,337,348,75,50,25,100,50,25,100,50,-0,0.160353,0.557385,0.282263,-0.67417,-0.7034,0.225219,540.516,470.288,-129.169,679.112
154,340,341,352,-100,50,-0,-75,50,-0,-75,50,-25,0.478843,0.0785779,0.442579,-0.796853,-0.584266,0.153813,540.516,470.288,-129.169,793.156
155,426,415,487,125,50,-175,125,50,-150,125,25,-150,0.332157,0.159915,0.507928,-0.6891,-0.723171,-0.0465175,540.516,470.288,-129.169,609.812
157,404,393,485,125,50,-125,125,50,-100,125,25,-100,0.357867,0.292375,0.349758,-0.686795,-0.726042,0.0343001,540.516,470.288,-129.169,607.174
158,356,357,368,25,50,-25,50,50,-25,50,50,-50,0.119138,0.323687,0.557175,-0.732128,-0.666814,0.139098,540.516,470.288,-129.169,683.207
160,473,474,272,125,25,200,125,25,175,125,50,175,0.194525,0.441854,0.363622,-0.570232,-0.719557,0.396325,540.516,470.288,-129.169,758.309
161,424,425,436,75,50,-175,100,50,-175,100,50,-200,0.642839,0.221823,0.135338,-0.732365,-0.67684,-0.0743599,540.516,470.288,-129.169,610.029
163,296,297,308,-100,50,100,-75,50,100,-75,50,75,0.145171,0.484695,0.370134,-0.756079,-0.598167,0.265595,540.516,470.288,-129.169,831.446
164,416,406,417,-125,50,-150,-100,50,-150,-100,50,-175,0.0297656,0.0188678,0.951367,-0.832159,-0.551922,-0.0537935,540.516,470.288,-129.169,774.748
165,257,256,240,25,50,200,0,50,200,0,50,225,0.0598633,0.275263,0.664874,-0.655932,-0.635357,0.407523,540.516,470.288,-129.169,853.773
166,369,370,381,75,50,-50,100,50,-50,100,50,-75,0.836464,0.0991614,0.064375,-0.714155,-0.688481,0.126399,540.516,470.288,-129.169,659.04
167,381,382,393,100,50,-75,125,50,-75,125,50,-100,0.624486,0.0967969,0.278717,-0.699615,-0.709627,0.0834741,540.516,470.288,-129.169,623.798
168,305,304,293,125,50,100,100,50,100,100,50,125,0.349418,0.333453,0.31713,-0.624131,-0.706159,0.334364,540.516,470.288,-129.169,713.451
170,344,345,356,0,50,-0,25,50,-0,25,50,-25,0.120078,0.587475,0.292447,-0.736416,-0.653319,0.175687,540.516,470.288,-129.169,713.842
171,407,406,395,-75,50,-150,-100,50,-150,-100,50,-125,0.285334,0.0428674,0.671798,-0.826225,-0.56334,0.000483527,540.516,470.288,-129.169,763.803
172,488,489,437,125,25,-175,125,25,-200,125,50,-200,0.251696,0.0196075,0.728696,-0.693539,-0.712763,-0.104749,540.516,470.288,-129.169,593.085
173,271,270,259,100,50,175,75,50,175,75,50,200,0.831387,0.144062,0.0245514,-0.602309,-0.690073,0.401277,540.516,470.288,-129.169,756.478
174,391,392,403,75,50,-100,100,50,-100,100,50,-125,0.0516883,0.478931,0.46938,-0.715371,-0.697824,0.0358759,540.516,470.288,-129.169,623.396
175,386,387,398,-50,50,-100,-25,50,-100,-25,50,-125,0.158706,0.777931,0.063363,-0.792929,-0.607667,0.0447791,540.516,470.288,-129.169,719.104
176,268,267,256,25,50,175,0,50,175,0,50,200,0.292158,0.134134,0.573708,-0.664478,-0.64051,0.384987,540.516,470.288,-129.169,836.123
178,413,414,425,75,50,-150,100,50,-150,100,50,-175,0.10139,0.645427,0.253182,-0.72218,-0.690669,-0.037848,540.516,470.288,-129.169,609.664
180,489,488,196,125,25,-200,125,25,-175,125,0,-175,0.315122,0.13078,0.554098,-0.667124,-0.739799,-0.087427,540.516,470.288,-129.169,624.071
181,352,351,340,-75,50,-25,-100,50,-25,-100,50,-0,0.405234,0.529294,0.0654715,-0.801926,-0.581203,0.138264,540.516,470.288,-129.169,801.82
182,399,400,411,0,50,-125,25,50,-125,25,50,-150,0.302939,0.280015,0.417046,-0.773719,-0.63352,-0.003305,540.516,470.288,-129.169,693.239
183,401,402,413,50,50,-125,75,50,-125,75,50,-150,0.837225,0.0688684,0.0939063,-0.749154,-0.662328,0.00949333,540.516,470.288,-129.169,651.613
185,354,355,366,-25,50,-25,0,50,-25,0,50,-50,0.108364,0.431783,0.459852,-0.761656,-0.633835,0.134656,540.516,470.288,-129.169,718.105
186,319,318,307,-75,50,50,-100,50,50,-100,50,75,0.938042,0.0454901,0.0164679,-0.771031,-0.595698,0.225069,540.516,470.288,-129.169,817.878
187,308,307,296,-75,50,75,-100,50,75,-100,50,100,0.481594,0.305388,0.213018,-0.764482,-0.59285,0.253174,540.516,470.288,-129.169,834.773
188,388,389,400,0,50,-100,25,50,-100,25,50,-125,0.351726,0.037605,0.610669,-0.771128,-0.636092,0.0273453,540.516,470.288,-129.169,678.28
189,360,349,481,125,50,-25,125,50,-0,125,25,-0,0.248625,0.550023,0.201353,-0.657255,-0.729605,0.188922,540.516,470.288,-129.169,636.013
190,255,256,267,-25,50,200,0,50,200,0,50,175,0.755103,0.0484918,0.196406,-0.678958,-0.626919,0.382085,540.516,470.288,-129.169,860.37
191,390,389,378,50,50,-100,25,50,-100,25,50,-75,0.333418,0.312204,0.354378,-0.755511,-0.652102,0.0629843,540.516,470.288,-129.169,674.605
194,255,254,236,-25,50,200,-50,50,200,-50,50,225,0.473982,0.493757,0.0322614,-0.688859,-0.616621,0.381119,540.516,470.288,-129.169,870.849
195,380,381,392,75,50,-75,100,50,-75,100,50,-100,0.689442,0.269554,0.0410043,-0.71768,-0.690516,0.0901265,540.516,470.288,-129.169,632.067
196,302,303,314,50,50,100,75,50,100,75,50,75,0.0733569,0.178659,0.747984,-0.664355,-0.686236,0.296163,540.516,470.288,-129.169,718.629
199,304,303,292,100,50,100,75,50,100,75,50,125,0.701388,0.247906,0.0507062,-0.639952,-0.696897,0.323722,540.516,470.288,-129.169,725.078
200,408,409,420,-50,50,-150,-25,50,-150,-25,50,-175,0.435601,0.286116,0.278283,-0.803188,-0.594785,-0.0334658,540.516,470.288,-129.169,725.383
201,321,320,309,-25,50,50,-50,50,50,-50,50,75,0.0196142,0.68605,0.294335,-0.754197,-0.612378,0.237024,540.516,470.288,-129.169,798.869
202,300,299,288,0,50,100,-25,50,100,-25,50,125,0.358603,0.523337,0.11806,-0.717481,-0.631073,0.294905,540.516,470.288,-129.169,805.479
203,265,264,253,-50,50,175,-75,50,175,-75,50,200,0.0655298,0.902148,0.0323224,-0.719909,-0.60055,0.347951,540.516,470.288,-129.169,871.096
204,317,307,318,-125,50,75,-100,50,75,-100,50,50,0.240332,0.334966,0.424702,-0.779745,-0.581431,0.23224,540.516,470.288,-129.169,863.054
206,397,396,385,-50,50,-125,-75,50,-125,-75,50,-100,0.333816,0.131187,0.534997,-0.812272,-0.582574,0.0286649,540.516,470.288,-129.169,749.912
207,258,259,270,50,50,200,75,50,200,75,50,175,0.760347,0.0783856,0.161268,-0.625383,-0.666094,0.406468,540.516,470.288,-129.169,796.716
208,352,351,340,-75,50,-25,-100,50,-25,-100,50,-0,0.407898,0.523149,0.0689529,-0.801863,-0.581256,0.13841,540.516,470.288,-129.169,801.823
209,391,392,403,75,50,-100,100,50,-100,100,50,-125,0.065603,0.464472,0.469925,-0.71565,-0.697539,0.0358483,540.516,470.288,-129.169,623.37
210,404,393,485,125,50,-125,125,50,-100,125,25,-100,0.360558,0.289569,0.349873,-0.686801,-0.72604,0.0342044,540.516,470.288,-129.169,607.177
211,489,488,196,125,25,-200,125,25,-175,125,0,-175,0.314952,0.130842,0.554205,-0.667122,-0.739801,-0.0874183,540.516,470.288,-129.169,624.07
212,484,483,141,125,25,-75,125,25,-50,125,0,-50,0.33054,0.625012,0.0444482,-0.659203,-0.744695,0.104311,540.516,470.288,-129.169,634.24
213,358,357,346,75,50,-25,50,50,-25,50,50,-0,0.561993,0.154599,0.283408,-0.711548,-0.68152,0.170968,540.516,470.288,-129.169,682.984
214,393,382,484,125,50,-100,125,50,-75,125,25,-75,0.114725,0.313641,0.571633,-0.674795,-0.73347,0.0816931,540.516,470.288,-129.169,616.693
215,261,250,472,125,50,200,125,50,225,125,25,225,0.468382,0.337127,0.194491,-0.560202,-0.704215,0.436182,540.516,470.288,-129.169,773.981
216,394,384,395,-125,50,-100,-100,50,-100,-100,50,-125,0.121863,0.486975,0.391163,-0.827183,-0.561122,0.0301738,540.516,470.288,-129.169,785.605
217,294,283,475,125,50,125,125,50,150,125,25,150,0.0852789,0.553964,0.360757,-0.586527,-0.719947,0.371028,540.516,470.288,-129.169,733.395
218,266,265,254,-25,50,175,-50,50,175,-50,50,200,0.0577637,0.927375,0.0148615,-0.706188,-0.612382,0.35537,540.516,470.288,-129.169,852.531
219,271,270,259,100,50,175,75,50,175,75,50,200,0.357004,0.610966,0.0320294,-0.612575,-0.683561,0.396857,540.516,470.288,-129.169,768.724
221,472,473,261,125,25,225,125,25,200,125,50,200,0.160113,0.542579,0.297308,-0.557442,-0.716227,0.419854,540.516,470.288,-129.169,769.798
222,258,259,270,50,50,200,75,50,200,75,50,175,0.0476574,0.542407,0.409936,-0.614695,-0.67594,0.406515,540.516,470.288,-129.169,782.407
223,379,380,391,50,50,-75,75,50,-75,75,50,-100,0.134199,0.211407,0.654394,-0.730391,-0.679829,0.0660418,540.516,470.288,-129.169,643.589
224,324,323,312,50,50,50,25,50,50,25,50,75,0.488789,0.12939,0.381821,-0.699432,-0.665581,0.26038,540.516,470.288,-129.169,735.077
225,285,286,297,-100,50,125,-75,50,125,-75,50,100,0.324683,0.384514,0.290803,-0.748309,-0.596383,0.290449,540.516,470.288,-129.169,846.967
226,346,345,334,50,50,-0,25,50,-0,25,50,25,0.455975,0.242808,0.301217,-0.721914,-0.662961,0.198298,540.516,470.288,-129.169,718.303
227,486,487,415,125,25,-125,125,25,-150,125,50,-150,0.396569,0.0685309,0.5349,-0.689384,-0.724224,-0.0158133,540.516,470.288,-129.169,607.469
228,381,382,393,100,50,-75,125,50,-75,125,50,-100,0.624534,0.0968018,0.278665,-0.699616,-0.709625,0.0834811,540.516,470.288,-129.169,623.798
229,319,320,331,-75,50,50,-50,50,50,-50,50,25,0.398286,0.47811,0.123604,-0.763612,-0.605392,0.224492,540.516,470.288,-129.169,804.496
230,394,384,395,-125,50,-100,-100,50,-100,-100,50,-125,0.110283,0.512315,0.377402,-0.826999,-0.561363,0.0307096,540.516,470.288,-129.169,785.562
231,332,333,344,-25,50,25,0,50,25,0,50,-0,0.871306,0.0781641,0.0505298,-0.751379,-0.627008,0.205648,540.516,470.288,-129.169,752.823
232,273,263,274,-125,50,175,-100,50,175,-100,50,150,0.00814694,0.0840814,0.907772,-0.743796,-0.587308,0.319117,540.516,470.288,-129.169,889.082
233,356,357,368,25,50,-25,50,50,-25,50,50,-50,0.466262,0.0571124,0.476625,-0.737362,-0.660669,0.140761,540.516,470.288,-129.169,701.232
235,487,486,174,125,25,-150,125,25,-125,125,0,-125,0.0327789,0.410887,0.556334,-0.663542,-0.748134,-0.00280771,540.516,470.288,-129.169,618.536
236,269,270,281,50,50,175,75,50,175,75,50,150,0.532479,0.229246,0.238275,-0.63382,-0.671561,0.383769,540.516,470.288,-129.169,773.977
237,375,376,387,-50,50,-75,-25,50,-75,-25,50,-100,0.176704,0.319408,0.503888,-0.78971,-0.610292,0.0624623,540.516,470.288,-129.169,727.721
239,490,491,459,125,25,-225,125,25,-250,125,50,-250,0.185197,0.503924,0.310879,-0.6765,-0.712141,-0.187622,540.516,470.288,-129.169,607.664
240,245,247,248,75,50,250,100,50,250,100,50,225,0.379236,0.270624,0.35014,-0.577126,-0.675144,0.459463,540.516,470.288,-129.169,820.651
241,422,421,410,25,50,-175,0,50,-175,0,50,-150,0.422739,0.564901,0.0123602,-0.779887,-0.622762,-0.062792,540.516,470.288,-129.169,679.876
242,322,323,334,0,50,50,25,50,50,25,50,25,0.149294,0.466998,0.383707,-0.718297,-0.654991,0.234597,540.516,470.288,-129.169,727.598
243,263,273,262,-100,50,175,-125,50,175,-125,50,200,0.361909,0.0370624,0.601028,-0.737007,-0.578914,0.348825,540.516,470.288,-129.169,910.867
244,300,301,312,0,50,100,25,50,100,25,50,75,0.280691,0.391689,0.32762,-0.699572,-0.652243,0.291851,540.516,470.288,-129.169,775.369
247,343,342,331,-25,50,-0,-50,50,-0,-50,50,25,0.255496,0.663419,0.0810852,-0.771151,-0.611861,0.175934,540.516,470.288,-129.169,751.243
250,312,313,324,25,50,75,50,50,75,50,50,50,0.14981,0.458738,0.391453,-0.691365,-0.670157,0.270008,540.516,470.288,-129.169,728.731
251,489,488,196,125,25,-200,125,25,-175,125,0,-175,0.316088,0.130548,0.553364,-0.667138,-0.739782,-0.0874629,540.516,470.288,-129.169,624.072
252,207,218,490,125,0,-200,125,0,-225,125,25,-225,0.556643,0.196292,0.247065,-0.661486,-0.73883,-0.128706,540.516,470.288,-129.169,617.157
253,316,315,304,125,50,75,100,50,75,100,50,100,0.444857,0.4869,0.0682428,-0.634377,-0.712479,0.299898,540.516,470.288,-129.169,691.189
255,247,249,250,100,50,250,125,50,250,125,50,225,0.195813,0.200362,0.603825,-0.554803,-0.693462,0.459678,540.516,470.288,-129.169,790.347
256,488,487,185,125,25,-175,125,25,-150,125,0,-150,0.887509,0.0835596,0.0289319,-0.678614,-0.731248,-0.0689888,540.516,470.288,-129.169,610.074
257,344,343,332,0,50,-0,-25,50,-0,-25,50,25,0.200098,0.329105,0.470798,-0.754438,-0.627792,0.191575,540.516,470.288,-129.169,747.561
260,406,416,405,-100,50,-150,-125,50,-150,-125,50,-125,0.735713,0.149303,0.114984,-0.833288,-0.552547,-0.0179855,540.516,470.288,-129.169,801.905
261,414,413,402,100,50,-150,75,50,-150,75,50,-125,0.0921826,0.428842,0.478976,-0.73511,-0.677905,-0.00763792,540.516,470.288,-129.169,642.377
262,437,436,425,125,50,-200,100,50,-200,100,50,-175,0.62063,0.204378,0.174992,-0.706973,-0.699114,-0.106905,540.516,470.288,-129.169,591.87
263,242,244,258,25,50,225,50,50,225,50,50,200,0.213417,0.0121209,0.774462,-0.629895,-0.658131,0.412427,540.516,470.288,-129.169,815.833
264,236,238,255,-50,50,225,-25,50,225,-25,50,200,0.464421,0.413937,0.121641,-0.67903,-0.61599,0.399343,540.516,470.288,-129.169,873.488
265,473,474,272,125,25,200,125,25,175,125,50,175,0.754099,0.0306879,0.215214,-0.561433,-0.719333,0.409087,540.516,470.288,-129.169,760.909
266,287,286,275,-50,50,125,-75,50,125,-75,50,150,0.331116,0.554556,0.114328,-0.735407,-0.604602,0.305996,540.516,470.288,-129.169,855.325
267,345,346,357,25,50,-0,50,50,-0,50,50,-25,0.223853,0.0995523,0.676595,-0.724982,-0.667783,0.168724,540.516,470.288,-129.169,698.032
268,403,404,415,100,50,-125,125,50,-125,125,50,-150,0.376534,0.467219,0.156247,-0.704842,-0.709327,0.00732004,540.516,470.288,-129.169,601.174
269,324,323,312,50,50,50,25,50,50,25,50,75,0.489343,0.128433,0.382224,-0.699419,-0.665589,0.260392,540.516,470.288,-129.169,735.08
270,358,359,370,75,50,-25,100,50,-25,100,50,-50,0.279312,0.52366,0.197029,-0.695342,-0.700804,0.159288,540.516,470.288,-129.169,656.642
271,434,433,422,50,50,-200,25,50,-200,25,50,-175,0.124475,0.606475,0.26905,-0.768817,-0.632416,-0.0947117,540.516,470.288,-129.169,672.503
272,416,406,417,-125,50,-150,-100,50,-150,-100,50,-175,0.605037,0.0533289,0.341635,-0.836898,-0.546343,-0.0333454,540.516,470.288,-129.169,783.28
274,421,420,409,0,50,-175,-25,50,-175,-25,50,-150,0.318394,0.0561975,0.625409,-0.793967,-0.606776,-0.0379261,540.516,470.288,-129.169,715.358
277,435,434,423,75,50,-200,50,50,-200,50,50,-175,0.371868,0.4859,0.142232,-0.748688,-0.654804,-0.103433,540.516,470.288,-129.169,637.104
278,306,296,307,-125,50,100,-100,50,100,-100,50,75,0.289336,0.0382514,0.672413,-0.773011,-0.582311,0.25173,540.516,470.288,-129.169,849.104
280,233,235,236,-75,50,250,-50,50,250,-50,50,225,0.156992,0.56096,0.282048,-0.680452,-0.606012,0.411989,540.516,470.288,-129.169,902.851
281,281,280,269,75,50,150,50,50,150,50,50,175,0.26165,0.299131,0.439218,-0.641296,-0.670682,0.372727,540.516,470.288,-129.169,780.126
283,282,283,294,100,50,150,125,50,150,125,50,125,0.926711,0.00584778,0.0674408,-0.610694,-0.69707,0.375695,540.516,470.288,-129.169,738.895
284,262,252,263,-125,50,200,-100,50,200,-100,50,175,0.287161,0.215729,0.49711,-0.733381,-0.583238,0.349265,540.516,470.288,-129.169,901.539
285,257,256,240,25,50,200,0,50,200,0,50,225,0.0599634,0.275239,0.664798,-0.655932,-0.635358,0.40752,540.516,470.288,-129.169,853.772
286,282,283,294,100,50,150,125,50,150,125,50,125,0.104522,0.160784,0.734694,-0.600445,-0.714087,0.359923,540.516,470.288,-129.169,698.281
287,316,315,304,125,50,75,100,50,75,100,50,100,0.25825,0.234199,0.507551,-0.633891,-0.707876,0.311599,540.516,470.288,-129.169,703.284
288,280,279,268,50,50,150,25,50,150,25,50,175,0.306606,0.572634,0.12076,-0.66227,-0.657018,0.360175,540.516,470.288,-129.169,793.629
289,309,308,297,-50,50,75,-75,50,75,-75,50,100,0.0338843,0.45685,0.509266,-0.754747,-0.600793,0.263447,540.516,470.288,-129.169,828.047
290,292,293,304,75,50,125,100,50,125,100,50,100,0.430804,0.380737,0.188459,-0.63335,-0.693852,0.342691,540.516,470.288,-129.169,722.671
291,357,358,369,50,50,-25,75,50,-25,75,50,-50,0.0694324,0.535636,0.394931,-0.711981,-0.686146,0.14929,540.516,470.288,-129.169,675.046
292,301,300,289,25,50,100,0,50,100,0,50,125,0.637612,0.103277,0.259111,-0.694199,-0.651234,0.306564,540.516,470.288,-129.169,783.342
293,244,242,241,50,50,225,25,50,225,25,50,250,0.660551,0.250984,0.088465,-0.622948,-0.653516,0.429945,540.516,470.288,-129.169,830.393
294,488,489,437,125,25,-175,125,25,-200,125,50,-200,0.0285828,0.471394,0.500023,-0.688049,-0.716672,-0.113883,540.516,470.288,-129.169,593.741
295,474,475,283,125,25,175,125,25,150,125,50,150,0.763964,0.093255,0.142781,-0.571791,-0.72658,0.380968,540.516,470.288,-129.169,756.087
296,477,476,64,125,25,100,125,25,125,125,0,125,0.42555,0.309171,0.26528,-0.589869,-0.742324,0.317818,540.516,470.288,-129.169,721.45
297,266,265,254,-25,50,175,-50,50,175,-50,50,200,0.058003,0.927103,0.0148944,-0.706192,-0.612374,0.355374,540.516,470.288,-129.169,852.532
298,244,242,241,50,50,225,25,50,225,25,50,250,0.663275,0.248856,0.0878693,-0.622916,-0.653542,0.429952,540.516,470.288,-129.169,830.401
299,425,426,437,100,50,-175,125,50,-175,125,50,-200,0.433743,0.019519,0.546738,-0.708878,-0.698928,-0.0948229,540.516,470.288,-129.169,597.637
300,357,356,345,50,50,-25,25,50,-25,25,50,-0,0.0601001,0.881541,0.0583585,-0.739946,-0.654109,0.156913,540.516,470.288,-129.169,712.784
301,259,260,271,75,50,200,100,50,200,100,50,175,0.159546,0.337136,0.503318,-0.59672,-0.688474,0.412224,540.516,470.288,-129.169,769.86
303,271,272,283,100,50,175,125,50,175,125,50,150,0.238632,0.195128,0.566241,-0.590082,-0.706676,0.390399,540.516,470.288,-129.169,740.503
304,369,370,381,75,50,-50,100,50,-50,100,50,-75,0.169235,0.527146,0.30362,-0.702917,-0.701152,0.119559,540.516,470.288,-129.169,643.78
305,385,384,373,-75,50,-100,-100,50,-100,-100,50,-75,0.338264,0.560859,0.100877,-0.821102,-0.568913,0.0461505,540.516,470.288,-129.169,778.298
306,338,337,326,125,50,25,100,50,25,100,50,50,0.0420324,0.652227,0.30574,-0.663239,-0.707306,0.244605,540.516,470.288,-129.169,680.058
307,312,311,300,25,50,75,0,50,75,0,50,100,0.621846,0.170906,0.207249,-0.705706,-0.6514,0.27867,540.516,470.288,-129.169,778.147
308,366,365,354,0,50,-50,-25,50,-50,-25,50,-25,0.229863,0.11521,0.654927,-0.769995,-0.62339,0.135984,540.516,470.288,-129.169,740.304
310,294,293,282,125,50,125,100,50,125,100,50,150,0.223804,0.484686,0.291511,-0.613924,-0.70229,0.360397,540.516,470.288,-129.169,731.25
311,347,346,335,75,50,-0,50,50,-0,50,50,25,0.509207,0.0568054,0.433988,-0.702576,-0.68048,0.208166,540.516,470.288,-129.169,704.393
313,316,315,304,125,50,75,100,50,75,100,50,100,0.444738,0.485978,0.0692841,-0.634372,-0.712466,0.299942,540.516,470.288,-129.169,691.195
314,310,309,298,-25,50,75,-50,50,75,-50,50,100,0.160793,0.40796,0.431246,-0.740683,-0.615895,0.268444,540.516,470.288,-129.169,815.727
315,303,304,315,75,50,100,100,50,100,100,50,75,0.232063,0.399619,0.368318,-0.642575,-0.699969,0.311675,540.516,470.288,-129.169,714.515
316,437,436,425,125,50,-200,100,50,-200,100,50,-175,0.0841895,0.264881,0.65093,-0.718572,-0.690248,-0.0849206,540.516,470.288,-129.169,606.053
317,332,333,344,-25,50,25,0,50,25,0,50,-0,0.153506,0.407965,0.438529,-0.744612,-0.637468,0.197955,540.516,470.288,-129.169,740.265
318,423,422,411,50,50,-175,25,50,-175,25,50,-150,0.162019,0.262762,0.575218,-0.768066,-0.639022,-0.0415388,540.516,470.288,-129.169,673.926
319,258,259,270,50,50,200,75,50,200,75,50,175,0.561152,0.299,0.139848,-0.621425,-0.668301,0.408907,540.516,470.288,-129.169,798.015
321,419,420,431,-50,50,-175,-25,50,-175,-25,50,-200,0.139272,0.530228,0.330499,-0.800399,-0.595101,-0.0722256,540.516,470.288,-129.169,722.332
322,426,415,487,125,50,-175,125,50,-150,125,25,-150,0.351932,0.0861816,0.561886,-0.688013,-0.724153,-0.0473415,540.516,470.288,-129.169,607.941
324,326,327,338,100,50,50,125,50,50,125,50,25,0.109955,0.260419,0.629626,-0.645433,-0.722725,0.247155,540.516,470.288,-129.169,659.011
325,356,357,368,25,50,-25,50,50,-25,50,50,-50,0.162338,0.773404,0.0642578,-0.727826,-0.667878,0.155588,540.516,470.288,-129.169,687.074
326,382,371,483,125,50,-75,125,50,-50,125,25,-50,0.418604,0.289339,0.292057,-0.673717,-0.73069,0.110443,540.516,470.288,-129.169,620.706
327,288,287,276,-25,50,125,-50,50,125,-50,50,150,0.577793,0.226516,0.195692,-0.716479,-0.622407,0.315066,540.516,470.288,-129.169,826.703
328,394,384,395,-125,50,-100,-100,50,-100,-100,50,-125,0.00123048,0.118178,0.880592,-0.827808,-0.560822,0.0145968,540.516,470.288,-129.169,776.3
329,248,246,245,100,50,225,75,50,225,75,50,250,0.572283,0.198316,0.229401,-0.582729,-0.678173,0.447782,540.516,470.288,-129.169,808.254
330,322,321,310,0,50,50,-25,50,50,-25,50,75,0.0525049,0.672631,0.274864,-0.740057,-0.627063,0.243119,540.516,470.288,-129.169,787.758
331,348,347,336,100,50,-0,75,50,-0,75,50,25,0.305364,0.471209,0.223427,-0.689342,-0.694512,0.206058,540.516,470.288,-129.169,678.998
332,281,282,293,75,50,150,100,50,150,100,50,125,0.125607,0.0127558,0.861638,-0.622972,-0.697756,0.353614,540.516,470.288,-129.169,726.267
333,424,425,436,75,50,-175,100,50,-175,100,50,-200,0.102281,0.611889,0.285829,-0.721996,-0.687019,-0.0820194,540.516,470.288,-129.169,605.442
334,300,301,312,0,50,100,25,50,100,25,50,75,0.240535,0.432155,0.327311,-0.698835,-0.652888,0.292175,540.516,470.288,-129.169,775.491
335,314,313,302,75,50,75,50,50,75,50,50,100,0.401544,0.399547,0.198909,-0.675241,-0.678091,0.290245,540.516,470.288,-129.169,731.051
336,487,486,174,125,25,-150,125,25,-125,125,0,-125,0.454432,0.0594269,0.486141,-0.666655,-0.745162,-0.0174754,540.516,470.288,-129.169,609.657
338,310,311,322,-25,50,75,0,50,75,0,50,50,0.199192,0.0774329,0.723375,-0.72815,-0.639211,0.2474,540.516,470.288,-129.169,766.277
339,317,307,318,-125,50,75,-100,50,75,-100,50,50,0.242195,0.334297,0.423508,-0.779749,-0.581421,0.232254,540.516,470.288,-129.169,863.056
342,401,400,389,50,50,-125,25,50,-125,25,50,-100,0.445057,0.184583,0.37036,-0.759647,-0.64977,0.0271258,540.516,470.288,-129.169,672.611
343,343,342,331,-25,50,-0,-50,50,-0,-50,50,25,0.0286719,0.200858,0.770471,-0.767382,-0.610998,0.194437,540.516,470.288,-129.169,783.227
344,289,288,277,0,50,125,-25,50,125,-25,50,150,0.103181,0.35223,0.544589,-0.704656,-0.629202,0.327972,540.516,470.288,-129.169,820.589
346,478,477,75,125,25,75,125,25,100,125,0,100,0.0410682,0.83712,0.121812,-0.599051,-0.741872,0.301269,540.516,470.288,-129.169,700.307
347,268,267,256,25,50,175,0,50,175,0,50,200,0.166836,0.622419,0.210745,-0.670008,-0.640933,0.374559,540.516,470.288,-129.169,834.023
348,486,487,415,125,25,-125,125,25,-150,125,50,-150,0.849363,0.109216,0.0414209,-0.677274,-0.73573,-0.00135543,540.516,470.288,-129.169,614.365
349,185,196,488,125,0,-150,125,0,-175,125,25,-175,0.151172,0.374419,0.474409,-0.667975,-0.741004,-0.0687151,540.516,470.288,-129.169,608.415
350,421,422,433,0,50,-175,25,50,-175,25,50,-200,0.261216,0.331968,0.406816,-0.775182,-0.626662,-0.0799237,540.516,470.288,-129.169,675.702
351,369,370,381,75,50,-50,100,50,-50,100,50,-75,0.835522,0.100529,0.0639484,-0.71414,-0.688494,0.126409,540.516,470.288,-129.169,659.041
352,236,238,255,-50,50,225,-25,50,225,-25,50,200,0.584683,0.140079,0.275239,-0.682367,-0.614718,0.395596,540.516,470.288,-129.169,872.119
353,488,487,185,125,25,-175,125,25,-150,125,0,-150,0.888159,0.0815637,0.0302771,-0.678583,-0.731274,-0.0690172,540.516,470.288,-129.169,610.081
354,360,359,348,125,50,-25,100,50,-25,100,50,-0,0.539922,0.145275,0.314803,-0.673783,-0.716716,0.179816,540.516,470.288,-129.169,634.314
355,488,487,185,125,25,-175,125,25,-150,125,0,-150,0.319152,0.26211,0.418738,-0.669527,-0.741149,-0.0493227,540.516,470.288,-129.169,611.67
356,336,337,348,75,50,25,100,50,25,100,50,-0,0.00141722,0.140267,0.858316,-0.676484,-0.70685,0.206719,540.516,470.288,-129.169,664.162
357,413,414,425,75,50,-150,100,50,-150,100,50,-175,0.612196,0.101816,0.285988,-0.731675,-0.680534,-0.0390599,540.516,470.288,-129.169,621.325
358,378,379,390,25,50,-75,50,50,-75,50,50,-100,0.400709,0.257004,0.342287,-0.749922,-0.657297,0.0746796,540.516,470.288,-129.169,704.229
360,320,321,332,-50,50,50,-25,50,50,-25,50,25,0.229543,0.59356,0.176897,-0.748142,-0.623077,0.228162,540.516,470.288,-129.169,761.124
362,420,419,408,-25,50,-175,-50,50,-175,-50,50,-150,0.119729,0.845704,0.0345667,-0.809595,-0.584129,-0.0578752,540.516,470.288,-129.169,715.816
364,290,289,278,25,50,125,0,50,125,0,50,150,0.423591,0.119372,0.457037,-0.684845,-0.646216,0.336737,540.516,470.288,-129.169,791.583
366,425,424,413,100,50,-175,75,50,-175,75,50,-150,0.332628,0.220298,0.447073,-0.733116,-0.678273,-0.0498574,540.516,470.288,-129.169,620.065
368,409,408,397,-25,50,-150,-50,50,-150,-50,50,-125,0.32238,0.606428,0.0711914,-0.805343,-0.592431,-0.021165,540.516,470.288,-129.169,732.543
369,344,345,356,0,50,-0,25,50,-0,25,50,-25,0.432488,0.360551,0.206961,-0.740693,-0.647997,0.177408,540.516,470.288,-129.169,719.785
370,279,278,267,25,50,150,0,50,150,0,50,175,0.0945483,0.442399,0.463052,-0.679714,-0.640218,0.357923,540.516,470.288,-129.169,827.027
371,338,337,326,125,50,25,100,50,25,100,50,50,0.0399634,0.0322613,0.927775,-0.656157,-0.706652,0.264767,540.516,470.288,-129.169,687.073
372,292,291,280,75,50,125,50,50,125,50,50,150,0.37564,0.331323,0.293038,-0.651105,-0.675781,0.345518,540.516,470.288,-129.169,760.661
375,277,276,265,-25,50,150,-50,50,150,-50,50,175,0.108555,0.764362,0.127083,-0.714403,-0.614611,0.334488,540.516,470.288,-129.169,859.996
376,345,344,333,25,50,-0,0,50,-0,0,50,25,0.458879,0.0635663,0.477554,-0.736224,-0.646842,0.198922,540.516,470.288,-129.169,731.611
377,369,368,357,75,50,-50,50,50,-50,50,50,-25,0.503807,0.255247,0.240946,-0.722919,-0.6778,0.134074,540.516,470.288,-129.169,669.573
378,422,423,434,25,50,-175,50,50,-175,50,50,-200,0.0425402,0.55553,0.40193,-0.756239,-0.649053,-0.0826602,540.516,470.288,-129.169,649.786
381,395,396,407,-100,50,-125,-75,50,-125,-75,50,-150,0.107024,0.291835,0.601141,-0.820993,-0.570861,-0.00942404,540.516,470.288,-129.169,759.024
382,490,489,207,125,25,-225,125,25,-200,125,0,-200,0.135486,0.477201,0.387313,-0.669501,-0.733215,-0.119015,540.516,470.288,-129.169,610.512
383,287,286,275,-50,50,125,-75,50,125,-75,50,150,0.0668848,0.430401,0.502714,-0.735903,-0.600321,0.313149,540.516,470.288,-129.169,853.556
384,346,345,334,50,50,-0,25,50,-0,25,50,25,0.0156763,0.0992633,0.88506,-0.724095,-0.655767,0.213675,540.516,470.288,-129.169,722.279
385,324,325,336,50,50,50,75,50,50,75,50,25,0.146766,0.0118621,0.841371,-0.688012,-0.687324,0.232864,540.516,470.288,-129.169,688.247
386,400,401,412,25,50,-125,50,50,-125,50,50,-150,0.198102,0.114838,0.68706,-0.757327,-0.65288,-0.0142975,540.516,470.288,-129.169,660.872
388,485,484,152,125,25,-100,125,25,-75,125,0,-75,0.150497,0.406704,0.442799,-0.656287,-0.75124,0.070188,540.516,470.288,-129.169,632.113
389,412,413,424,50,50,-150,75,50,-150,75,50,-175,0.198983,0.790199,0.0108179,-0.741543,-0.670334,-0.0276787,540.516,470.288,-129.169,645.393
390,392,393,404,100,50,-100,125,50,-100,125,50,-125,0.0533423,0.460825,0.485833,-0.695622,-0.717703,0.03182,540.516,470.288,-129.169,600.019
391,320,321,332,-50,50,50,-25,50,50,-25,50,25,0.00345701,0.29077,0.705773,-0.749712,-0.625857,0.215023,540.516,470.288,-129.169,757.778
392,163,174,486,125,0,-100,125,0,-125,125,25,-125,0.259671,0.282131,0.458198,-0.66283,-0.748693,0.0107127,540.516,470.288,-129.169,614.749
393,404,393,485,125,50,-125,125,50,-100,125,25,-100,0.103442,0.75064,0.145918,-0.689575,-0.722742,0.04616,540.516,470.288,-129.169,603.293
394,394,384,395,-125,50,-100,-100,50,-100,-100,50,-125,0.111526,0.509636,0.378838,-0.82703,-0.561322,0.0306477,540.516,470.288,-129.169,785.568
395,478,479,327,125,25,75,125,25,50,125,50,50,0.435505,0.529828,0.0346667,-0.616786,-0.742218,0.262083,540.516,470.288,-129.169,690.617
396,358,357,346,75,50,-25,50,50,-25,50,50,-0,0.562218,0.150374,0.287408,-0.711519,-0.681523,0.171077,540.516,470.288,-129.169,684.016
397,196,207,489,125,0,-175,125,0,-200,125,25,-200,0.141852,0.554888,0.303261,-0.663355,-0.740335,-0.108925,540.516,470.288,-129.169,618.649
398,433,432,421,25,50,-200,0,50,-200,0,50,-175,0.540652,0.45129,0.00805786,-0.776322,-0.621745,-0.103723,540.516,470.288,-129.169,704.659
399,261,250,472,125,50,200,125,50,225,125,25,225,0.0433393,0.711457,0.245204,-0.553929,-0.703214,0.445705,540.516,470.288,-129.169,781.298
400,414,413,402,100,50,-150,75,50,-150,75,50,-125,0.0926672,0.42864,0.478693,-0.735104,-0.677911,-0.00765092,540.516,470.288,-129.169,642.379
401,391,392,403,75,50,-100,100,50,-100,100,50,-125,0.35238,0.60075,0.0468698,-0.719114,-0.6929,0.0525823,540.516,470.288,-129.169,633.71
402,481,482,360,125,25,-0,125,25,-25,125,50,-25,0.0598914,0.129354,0.810754,-0.663922,-0.729768,0.16324,540.516,470.288,-129.169,616.552
403,293,292,281,100,50,125,75,50,125,75,50,150,0.313733,0.577899,0.108369,-0.635194,-0.689263,0.348489,540.516,470.288,-129.169,729.686
404,427,417,428,-125,50,-175,-100,50,-175,-100,50,-200,0.0802051,0.433346,0.486449,-0.83253,-0.549365,-0.0713506,540.516,470.288,-129.169,776.028
405,435,434,423,75,50,-200,50,50,-200,50,50,-175,0.136617,0.40311,0.460272,-0.753289,-0.651577,-0.0894587,540.516,470.288,-129.169,640.362
407,397,396,385,-50,50,-125,-75,50,-125,-75,50,-100,0.718101,0.114312,0.167587,-0.809623,-0.58669,0.0174842,540.516,470.288,-129.169,740.171
408,246,244,243,75,50,225,50,50,225,50,50,250,0.181254,0.0703913,0.748355,-0.604865,-0.658517,0.447766,540.516,470.288,-129.169,841.131
409,353,352,341,-50,50,-25,-75,50,-25,-75,50,-0,0.469045,0.212724,0.318231,-0.787978,-0.597236,0.149662,540.516,470.288,-129.169,789.644
410,292,291,280,75,50,125,50,50,125,50,50,150,0.0234179,0.569555,0.407027,-0.656587,-0.670544,0.345347,540.516,470.288,-129.169,769.351
411,414,415,426,100,50,-150,125,50,-150,125,50,-175,0.164504,0.718011,0.117484,-0.703114,-0.710191,-0.0354843,540.516,470.288,-129.169,592.781
412,244,246,259,50,50,225,75,50,225,75,50,200,0.582903,0.294435,0.122662,-0.610413,-0.664064,0.431758,540.516,470.288,-129.169,824.494
413,486,485,163,125,25,-125,125,25,-100,125,0,-100,0.601908,0.362126,0.0359656,-0.673067,-0.739315,0.0198529,540.516,470.288,-129.169,611.732
414,359,358,347,100,50,-25,75,50,-25,75,50,-0,0.236765,0.70162,0.0616153,-0.701078,-0.693462,0.166133,540.516,470.288,-129.169,671.608
415,311,310,299,0,50,75,-25,50,75,-25,50,100,0.186165,0.134985,0.678851,-0.724027,-0.629792,0.28133,540.516,470.288,-129.169,797.77
417,326,327,338,100,50,50,125,50,50,125,50,25,0.109104,0.260478,0.630418,-0.645427,-0.722741,0.247123,540.516,470.288,-129.169,659.01
418,422,421,410,25,50,-175,0,50,-175,0,50,-150,0.23115,0.177895,0.590955,-0.78152,-0.622589,-0.0401154,540.516,470.288,-129.169,678.62
419,364,365,376,-50,50,-50,-25,50,-50,-25,50,-75,0.396145,0.177018,0.426837,-0.786702,-0.609379,0.0987798,540.516,470.288,-129.169,746.67
422,412,413,424,50,50,-150,75,50,-150,75,50,-175,0.334166,0.111743,0.554091,-0.744639,-0.665637,-0.0493936,540.516,470.288,-129.169,642.907
423,475,474,42,125,25,150,125,25,175,125,0,175,0.73612,0.174493,0.0893872,-0.574751,-0.732,0.365837,540.516,470.288,-129.169,745.056
424,333,334,345,0,50,25,25,50,25,25,50,-0,0.612019,0.246365,0.141616,-0.73356,-0.64643,0.209804,540.516,470.288,-129.169,732.579
426,424,425,436,75,50,-175,100,50,-175,100,50,-200,0.450878,0.30277,0.246352,-0.72862,-0.680307,-0.0793468,540.516,470.288,-129.169,607.721
427,412,411,400,50,50,-150,25,50,-150,25,50,-125,0.104148,0.146591,0.749261,-0.767153,-0.641457,0.00308758,540.516,470.288,-129.169,679.738
428,268,267,256,25,50,175,0,50,175,0,50,200,0.293433,0.134355,0.572213,-0.664468,-0.640535,0.384964,540.516,470.288,-129.169,836.118
429,261,260,248,125,50,200,100,50,200,100,50,225,0.68236,0.0286224,0.289018,-0.56986,-0.696757,0.435647,540.516,470.288,-129.169,763.687
430,289,288,277,0,50,125,-25,50,125,-25,50,150,0.103152,0.352216,0.544632,-0.704656,-0.629201,0.327971,540.516,470.288,-129.169,820.589
431,260,261,272,100,50,200,125,50,200,125,50,175,0.149511,0.206601,0.643889,-0.577285,-0.704747,0.412401,540.516,470.288,-129.169,754.443
433,325,326,337,75,50,50,100,50,50,100,50,25,0.891895,0.102505,0.00560059,-0.674296,-0.690908,0.260712,540.516,470.288,-129.169,698.678
434,423,424,435,50,50,-175,75,50,-175,75,50,-200,0.335856,0.285388,0.378757,-0.744321,-0.662722,-0.0823821,540.516,470.288,-129.169,635.928
435,342,343,354,-50,50,-0,-25,50,-0,-25,50,-25,0.137422,0.271068,0.59151,-0.768773,-0.619591,0.158418,540.516,470.288,-129.169,751.358
436,363,362,351,-75,50,-50,-100,50,-50,-100,50,-25,0.670417,0.263599,0.0659833,-0.805736,-0.581954,0.110088,540.516,470.288,-129.169,796.104
438,296,306,295,-100,50,100,-125,50,100,-125,50,125,0.871711,0.0312671,0.0970215,-0.764108,-0.585472,0.270852,540.516,470.288,-129.169,852.938
439,381,382,393,100,50,-75,125,50,-75,125,50,-100,0.240643,0.60626,0.153097,-0.691329,-0.717031,0.0890514,540.516,470.288,-129.169,616.49
440,485,484,152,125,25,-100,125,25,-75,125,0,-75,0.150222,0.406861,0.442917,-0.656287,-0.751239,0.0701947,540.516,470.288,-129.169,632.113
441,402,403,414,75,50,-125,100,50,-125,100,50,-150,0.249111,0.445897,0.304992,-0.722509,-0.691361,0.00110441,540.516,470.288,-129.169,622.378
442,307,308,319,-100,50,75,-75,50,75,-75,50,50,0.825996,0.148121,0.0258826,-0.771136,-0.587627,0.245037,540.516,470.288,-129.169,849.149
444,473,472,20,125,25,200,125,25,225,125,0,225,0.595366,0.38103,0.0236047,-0.550616,-0.720348,0.421807,540.516,470.288,-129.169,777.606
445,276,275,264,-50,50,150,-75,50,150,-75,50,175,0.511128,0.130119,0.358753,-0.720408,-0.60677,0.335921,540.516,470.288,-129.169,862.048
450,265,264,253,-50,50,175,-75,50,175,-75,50,200,0.0269702,0.949097,0.0239325,-0.720563,-0.600091,0.34739,540.516,470.288,-129.169,870.935
452,393,382,484,125,50,-100,125,50,-75,125,25,-75,0.480362,0.225256,0.294382,-0.682108,-0.728029,0.0685771,540.516,470.288,-129.169,613.902
454,489,490,448,125,25,-200,125,25,-225,125,50,-225,0.172837,0.546559,0.280604,-0.680536,-0.717519,-0.148447,540.516,470.288,-129.169,601.22
455,246,248,260,75,50,225,100,50,225,100,50,200,0.850854,0.117215,0.0319305,-0.59451,-0.673584,0.439138,540.516,470.288,-129.169,803.315
458,237,239,240,-25,50,250,0,50,250,0,50,225,0.0595655,0.65408,0.286354,-0.64701,-0.630519,0.428746,540.516,470.288,-129.169,873.014
460,422,423,434,25,50,-175,50,50,-175,50,50,-200,0.49396,0.439364,0.066676,-0.763684,-0.641987,-0.0681153,540.516,470.288,-129.169,659.222
461,263,273,262,-100,50,175,-125,50,175,-125,50,200,0.361733,0.0371563,0.60111,-0.737009,-0.578911,0.348825,540.516,470.288,-129.169,910.867
462,234,236,254,-75,50,225,-50,50,225,-50,50,200,0.18084,0.750731,0.0684296,-0.689305,-0.606912,0.395621,540.516,470.288,-129.169,893.984
463,289,290,301,0,50,125,25,50,125,25,50,100,0.0653515,0.323951,0.610697,-0.687306,-0.655958,0.311978,540.516,470.288,-129.169,766.1
465,371,370,359,125,50,-50,100,50,-50,100,50,-25,0.202081,0.078898,0.719021,-0.686868,-0.709262,0.158619,540.516,470.288,-129.169,639.141
466,459,448,490,125,50,-250,125,50,-225,125,25,-225,0.234559,0.392847,0.372594,-0.68568,-0.70871,-0.16605,540.516,470.288,-129.169,593.544
468,263,264,275,-100,50,175,-75,50,175,-75,50,150,0.777786,0.028587,0.193627,-0.733323,-0.590471,0.337019,540.516,470.288,-129.169,891.196
469,405,395,406,-125,50,-125,-100,50,-125,-100,50,-150,0.558479,0.00439023,0.437131,-0.83479,-0.550559,-0.00332371,540.516,470.288,-129.169,789.532
470,349,348,337,125,50,-0,100,50,-0,100,50,25,0.515324,0.0328534,0.451823,-0.663143,-0.715713,0.219081,540.516,470.288,-129.169,653.292
472,333,334,345,0,50,25,25,50,25,25,50,-0,0.0678101,0.622207,0.309983,-0.727584,-0.653739,0.207961,540.516,470.288,-129.169,724.66
474,433,432,421,25,50,-200,0,50,-200,0,50,-175,0.0924609,0.868334,0.0392047,-0.782843,-0.613895,-0.101438,540.516,470.288,-129.169,708.423
475,484,483,141,125,25,-75,125,25,-50,125,0,-50,0.344637,0.60675,0.0486133,-0.65923,-0.744772,0.103591,540.516,470.288,-129.169,634.24
476,261,260,248,125,50,200,100,50,200,100,50,225,0.195924,0.402935,0.401141,-0.580011,-0.688428,0.435493,540.516,470.288,-129.169,779.038
477,470,472,250,125,25,250,125,25,225,125,50,225,0.687697,0.0809015,0.231401,-0.541227,-0.7087,0.452568,540.516,470.288,-129.169,796.624
479,315,314,303,100,50,75,75,50,75,75,50,100,0.343268,0.495974,0.160759,-0.656684,-0.693357,0.296685,540.516,470.288,-129.169,712.473
481,265,266,277,-50,50,175,-25,50,175,-25,50,150,0.17479,0.311928,0.513282,-0.700431,-0.622847,0.34851,540.516,470.288,-129.169,833.506
482,250,248,247,125,50,225,100,50,225,100,50,250,0.241056,0.0679889,0.690955,-0.563896,-0.684316,0.462312,540.516,470.288,-129.169,797.77
483,369,368,357,75,50,-50,50,50,-50,50,50,-25,0.283916,0.0469189,0.669165,-0.722953,-0.674696,0.148742,540.516,470.288,-129.169,683.193
484,267,266,255,0,50,175,-25,50,175,-25,50,200,0.158066,0.448467,0.393466,-0.684678,-0.627141,0.371362,540.516,470.288,-129.169,861.376
485,337,336,325,100,50,25,75,50,25,75,50,50,0.318605,0.601669,0.079726,-0.68072,-0.694535,0.232898,540.516,470.288,-129.169,686.057
487,248,250,261,100,50,225,125,50,225,125,50,200,0.776455,0.0475177,0.176027,-0.573921,-0.688521,0.443344,540.516,470.288,-129.169,783.544
489,384,385,396,-100,50,-100,-75,50,-100,-75,50,-125,0.240691,0.281761,0.477548,-0.818409,-0.573954,0.0279978,540.516,470.288,-129.169,769.697
490,415,414,403,125,50,-150,100,50,-150,100,50,-125,0.514805,0.218751,0.266444,-0.70921,-0.70478,-0.0175157,540.516,470.288,-129.169,603.245
492,359,358,347,100,50,-25,75,50,-25,75,50,-0,0.374185,0.252878,0.372938,-0.696524,-0.6952,0.177626,540.516,470.288,-129.169,653.034
493,320,319,308,-50,50,50,-75,50,50,-75,50,75,0.290132,0.114973,0.594895,-0.760529,-0.602615,0.241766,540.516,470.288,-129.169,813.717
494,416,406,417,-125,50,-150,-100,50,-150,-100,50,-175,0.0296655,0.0189624,0.951372,-0.832158,-0.551923,-0.0538026,540.516,470.288,-129.169,774.749
495,342,341,330,-50,50,-0,-75,50,-0,-75,50,25,0.0258472,0.488957,0.485196,-0.783535,-0.593946,0.182488,540.516,470.288,-129.169,806.86
496,491,490,218,125,25,-250,125,25,-225,125,0,-225,0.00412782,0.859134,0.136738,-0.671385,-0.724982,-0.153765,540.516,470.288,-129.169,602.121
497,359,360,371,100,50,-25,125,50,-25,125,50,-50,0.067384,0.303242,0.629374,-0.675109,-0.723478,0.144248,540.516,470.288,-129.169,626.965
498,263,273,262,-100,50,175,-125,50,175,-125,50,200,0.419126,0.0120868,0.568787,-0.736591,-0.579729,0.348352,540.516,470.288,-129.169,907.589
500,344,345,356,0,50,-0,25,50,-0,25,50,-25,0.119946,0.587523,0.292531,-0.736417,-0.653318,0.175686,540.516,470.288,-129.169,713.842
501,327,326,315,125,50,50,100,50,50,100,50,75,0.0446411,0.389869,0.56549,-0.649909,-0.705463,0.282736,540.516,470.288,-129.169,688.811
502,316,305,477,125,50,75,125,50,100,125,25,100,0.0969537,0.547878,0.355168,-0.607782,-0.727646,0.318014,540.516,470.288,-129.169,704.771
503,255,256,267,-25,50,200,0,50,200,0,50,175,0.757964,0.0680658,0.17397,-0.678754,-0.62684,0.382575,540.516,470.288,-129.169,860.516
504,314,313,302,75,50,75,50,50,75,50,50,100,0.338308,0.11996,0.541732,-0.672536,-0.676742,0.299526,540.516,470.288,-129.169,740.995
505,313,314,325,50,50,75,75,50,75,75,50,50,0.66725,0.109278,0.223472,-0.680752,-0.677483,0.278557,540.516,470.288,-129.169,714.318
506,283,272,474,125,50,150,125,50,175,125,25,175,0.120386,0.84081,0.0388037,-0.579731,-0.709001,0.401534,540.516,470.288,-129.169,746.114
507,282,283,294,100,50,150,125,50,150,125,50,125,0.00970948,0.580097,0.410193,-0.594786,-0.713901,0.369561,540.516,470.288,-129.169,726.994
508,473,472,20,125,25,200,125,25,225,125,0,225,0.593935,0.381573,0.0244922,-0.550586,-0.720352,0.421839,540.516,470.288,-129.169,777.621
510,413,412,401,75,50,-150,50,50,-150,50,50,-125,0.331013,0.229207,0.43978,-0.748488,-0.663084,-0.00924596,540.516,470.288,-129.169,650.769
511,325,324,313,75,50,50,50,50,50,50,50,75,0.462155,0.380878,0.156967,-0.684929,-0.680291,0.260916,540.516,470.288,-129.169,716.048
512,234,232,231,-75,50,225,-100,50,225,-100,50,250,0.308269,0.65305,0.038681,-0.710228,-0.58819,0.386793,540.516,470.288,-129.169,922.087
514,286,285,274,-75,50,125,-100,50,125,-100,50,150,0.414792,0.269352,0.315855,-0.745726,-0.592732,0.304237,540.516,470.288,-129.169,856.816
515,360,359,348,125,50,-25,100,50,-25,100,50,-0,0.173433,0.426797,0.39977,-0.680083,-0.710222,0.181854,540.516,470.288,-129.169,641.818
516,359,360,371,100,50,-25,125,50,-25,125,50,-50,0.255712,0.459774,0.284515,-0.676491,-0.719535,0.156935,540.516,470.288,-129.169,628.076
517,349,338,480,125,50,-0,125,50,25,125,25,25,0.24588,0.234698,0.519421,-0.640984,-0.736342,0.216653,540.516,470.288,-129.169,652.474
518,360,349,481,125,50,-25,125,50,-0,125,25,-0,0.689476,0.279334,0.0311902,-0.664027,-0.726684,0.176067,540.516,470.288,-129.169,625.202
519,475,476,294,125,25,150,125,25,125,125,50,125,0.212801,0.654277,0.132922,-0.588225,-0.732256,0.343209,540.516,470.288,-129.169,722.074
520,480,481,349,125,25,25,125,25,-0,125,50,-0,0.386205,0.000510254,0.613285,-0.647997,-0.732951,0.207082,540.516,470.288,-129.169,655.995
521,379,380,391,50,50,-75,75,50,-75,75,50,-100,0.71077,0.0650189,0.224211,-0.737983,-0.669945,0.0809678,540.516,470.288,-129.169,655.994
522,263,264,275,-100,50,175,-75,50,175,-75,50,150,0.778696,0.0237799,0.197524,-0.733379,-0.590433,0.336963,540.516,470.288,-129.169,891.182
523,420,419,408,-25,50,-175,-50,50,-175,-50,50,-150,0.589983,0.117419,0.292598,-0.803264,-0.593581,-0.0492856,540.516,470.288,-129.169,717.724
524,404,403,392,125,50,-125,100,50,-125,100,50,-100,0.399437,0.424861,0.175702,-0.707917,-0.70598,0.021116,540.516,470.288,-129.169,606.323
525,403,402,391,100,50,-125,75,50,-125,75,50,-100,0.591398,0.310075,0.0985272,-0.723433,-0.690155,0.0181834,540.516,470.288,-129.169,627.522
526,240,238,237,0,50,225,-25,50,225,-25,50,250,0.701311,0.139848,0.158841,-0.656373,-0.629666,0.415567,540.516,470.288,-129.169,871.077
527,254,253,234,-50,50,200,-75,50,200,-75,50,225,0.679124,0.243029,0.0778473,-0.699787,-0.607125,0.376426,540.516,470.288,-129.169,881.49
528,437,426,488,125,50,-200,125,50,-175,125,25,-175,0.188674,0.590698,0.220629,-0.695612,-0.713702,-0.0821783,540.516,470.288,-129.169,595.661
529,380,381,392,75,50,-75,100,50,-75,100,50,-100,0.0822925,0.575109,0.342599,-0.708874,-0.70077,0.0801146,540.516,470.288,-129.169,626.932
531,480,481,349,125,25,25,125,25,-0,125,50,-0,0.0934936,0.308507,0.597999,-0.651042,-0.73316,0.196521,540.516,470.288,-129.169,645.62
532,456,455,444,50,50,-250,25,50,-250,25,50,-225,0.0302246,0.227109,0.742667,-0.765427,-0.625412,-0.151597,540.516,470.288,-129.169,676.866
533,446,447,458,75,50,-225,100,50,-225,100,50,-250,0.474574,0.255525,0.269901,-0.722376,-0.671913,-0.163419,540.516,470.288,-129.169,618.03
534,354,353,342,-25,50,-25,-50,50,-25,-50,50,-0,0.162163,0.484827,0.35301,-0.778954,-0.607858,0.154079,540.516,470.288,-129.169,768.378
535,441,440,429,-50,50,-225,-75,50,-225,-75,50,-200,0.177068,0.678201,0.144731,-0.817477,-0.562717,-0.122807,540.516,470.288,-129.169,745.244
536,380,381,392,75,50,-75,100,50,-75,100,50,-100,0.69002,0.269076,0.0409042,-0.717692,-0.690504,0.0901281,540.516,470.288,-129.169,632.065
538,393,392,381,125,50,-100,100,50,-100,100,50,-75,0.682399,0.0897394,0.227862,-0.696624,-0.71466,0.0630549,540.516,470.288,-129.169,607.094
539,404,403,392,125,50,-125,100,50,-125,100,50,-100,0.00186765,0.455174,0.542958,-0.714288,-0.698904,0.0364264,540.516,470.288,-129.169,622.457
540,293,292,281,100,50,125,75,50,125,75,50,150,0.313636,0.577917,0.108447,-0.635197,-0.689259,0.348492,540.516,470.288,-129.169,729.686
541,258,259,270,50,50,200,75,50,200,75,50,175,0.574567,0.287767,0.137667,-0.621623,-0.668163,0.408831,540.516,470.288,-129.169,797.961
542,478,477,75,125,25,75,125,25,100,125,0,100,0.040025,0.838295,0.12168,-0.599039,-0.74187,0.3013,540.516,470.288,-129.169,700.313
543,478,477,75,125,25,75,125,25,100,125,0,100,0.0401568,0.838093,0.12175,-0.59904,-0.741871,0.301296,540.516,470.288,-129.169,700.313
545,489,490,448,125,25,-200,125,25,-225,125,50,-225,0.144327,0.186202,0.66947,-0.68819,-0.709649,-0.150975,540.516,470.288,-129.169,592.148
547,234,236,254,-75,50,225,-50,50,225,-50,50,200,0.703777,0.0187128,0.27751,-0.6993,-0.600572,0.387676,540.516,470.288,-129.169,900.571
548,275,276,287,-75,50,150,-50,50,150,-50,50,125,0.469932,0.198542,0.331526,-0.72725,-0.60741,0.319626,540.516,470.288,-129.169,844.719
549,441,442,453,-50,50,-225,-25,50,-225,-25,50,-250,0.681069,0.155883,0.163048,-0.802992,-0.57996,-0.137296,540.516,470.288,-129.169,729.144
550,415,404,486,125,50,-150,125,50,-125,125,25,-125,0.266866,0.28374,0.449395,-0.688587,-0.725149,-0.00270843,540.516,470.288,-129.169,604.672
551,312,311,300,25,50,75,0,50,75,0,50,100,0.0956836,0.744099,0.160218,-0.714282,-0.64387,0.274287,540.516,470.288,-129.169,784.049
552,185,196,488,125,0,-150,125,0,-175,125,25,-175,0.374176,0.355999,0.269825,-0.663596,-0.745591,-0.0611082,540.516,470.288,-129.169,605.218
553,402,403,414,75,50,-125,100,50,-125,100,50,-150,0.726332,0.140047,0.133621,-0.73048,-0.682884,0.00828587,540.516,470.288,-129.169,634.605
554,289,288,277,0,50,125,-25,50,125,-25,50,150,0.813125,0.168638,0.0182373,-0.699203,-0.639038,0.320539,540.516,470.288,-129.169,811.33
555,242,244,258,25,50,225,50,50,225,50,50,200,0.489893,0.231979,0.278128,-0.62953,-0.652713,0.421494,540.516,470.288,-129.169,829.124
556,370,369,358,100,50,-50,75,50,-50,75,50,-25,0.827985,0.0490381,0.122977,-0.699865,-0.701325,0.135392,540.516,470.288,-129.169,642.241
559,324,325,336,50,50,50,75,50,50,75,50,25,0.808676,0.0639154,0.127409,-0.692278,-0.676846,0.250262,540.516,470.288,-129.169,709.966
560,357,358,369,50,50,-25,75,50,-25,75,50,-50,0.0890393,0.210784,0.700176,-0.715348,-0.684802,0.139013,540.516,470.288,-129.169,672.424
562,292,293,304,75,50,125,100,50,125,100,50,100,0.00212893,0.774669,0.223202,-0.625101,-0.700191,0.344936,540.516,470.288,-129.169,724.483
563,360,359,348,125,50,-25,100,50,-25,100,50,-0,0.0548182,0.0881832,0.856999,-0.678152,-0.707839,0.19767,540.516,470.288,-129.169,658.281
564,473,474,272,125,25,200,125,25,175,125,50,175,0.339059,0.0162518,0.644689,-0.571409,-0.713205,0.405992,540.516,470.288,-129.169,761.09
565,338,337,326,125,50,25,100,50,25,100,50,50,0.00931889,0.0775745,0.913107,-0.65705,-0.706102,0.264016,540.516,470.288,-129.169,686.866
566,310,309,298,-25,50,75,-50,50,75,-50,50,100,0.0827832,0.226641,0.690576,-0.739368,-0.614514,0.275152,540.516,470.288,-129.169,819.864
567,293,292,281,100,50,125,75,50,125,75,50,150,0.304655,0.00593931,0.689406,-0.62837,-0.686937,0.36506,540.516,470.288,-129.169,742.277
568,325,326,337,75,50,50,100,50,50,100,50,25,0.182832,0.174725,0.642443,-0.667133,-0.703492,0.245015,540.516,470.288,-129.169,681.609
569,269,270,281,50,50,175,75,50,175,75,50,150,0.276176,0.703972,0.0198529,-0.626071,-0.674231,0.391725,540.516,470.288,-129.169,769.452
570,365,364,353,-25,50,-50,-50,50,-50,-50,50,-25,0.841553,0.0352979,0.123149,-0.778749,-0.616274,0.117289,540.516,470.288,-129.169,759.083
571,261,260,248,125,50,200,100,50,200,100,50,225,0.222548,0.536663,0.240789,-0.581257,-0.689516,0.432097,540.516,470.288,-129.169,773.491
572,359,358,347,100,50,-25,75,50,-25,75,50,-0,0.708187,0.113089,0.178724,-0.691778,-0.701249,0.172319,540.516,470.288,-129.169,642.066
573,387,388,399,-25,50,-100,0,50,-100,0,50,-125,0.460439,0.173385,0.366176,-0.784878,-0.618655,0.0351019,540.516,470.288,-129.169,705.209
574,278,277,266,0,50,150,-25,50,150,-25,50,175,0.321177,0.593222,0.0856012,-0.696429,-0.630851,0.342072,540.516,470.288,-129.169,846.217
575,403,402,391,100,50,-125,75,50,-125,75,50,-100,0.145321,0.00726309,0.847416,-0.728552,-0.683314,0.0479043,540.516,470.288,-129.169,642.211
576,403,404,415,100,50,-125,125,50,-125,125,50,-150,0.569894,0.00754639,0.42256,-0.709811,-0.704385,-0.00300044,540.516,470.288,-129.169,607.411
577,256,257,268,0,50,200,25,50,200,25,50,175,0.121538,0.384,0.494462,-0.654207,-0.648971,0.388394,540.516,470.288,-129.169,816.917
578,347,346,335,75,50,-0,50,50,-0,50,50,25,0.0406055,0.136894,0.822501,-0.707111,-0.672585,0.218228,540.516,470.288,-129.169,708.739
579,291,292,303,50,50,125,75,50,125,75,50,100,0.672418,0.0607538,0.266828,-0.659156,-0.674714,0.332077,540.516,470.288,-129.169,759.301
580,370,371,382,100,50,-50,125,50,-50,125,50,-75,0.12018,0.471348,0.408473,-0.68218,-0.72248,0.112487,540.516,470.288,-129.169,614.419
581,260,259,246,100,50,200,75,50,200,75,50,225,0.777896,0.182078,0.0400262,-0.592122,-0.685226,0.424095,540.516,470.288,-129.169,777.986
582,301,300,289,25,50,100,0,50,100,0,50,125,0.252454,0.561929,0.185617,-0.701841,-0.644935,0.302453,540.516,470.288,-129.169,781.93
583,402,401,390,75,50,-125,50,50,-125,50,50,-100,0.671187,0.14451,0.184303,-0.739958,-0.672332,0.0207778,540.516,470.288,-129.169,652.656
584,280,281,292,50,50,150,75,50,150,75,50,125,0.265471,0.546391,0.188138,-0.638097,-0.679794,0.361542,540.516,470.288,-129.169,757.097
585,377,378,389,0,50,-75,25,50,-75,25,50,-100,0.166467,0.663239,0.170293,-0.761175,-0.643653,0.0795197,540.516,470.288,-129.169,692.361
586,358,359,370,75,50,-25,100,50,-25,100,50,-50,0.668608,0.0451093,0.286282,-0.703599,-0.693709,0.154003,540.516,470.288,-129.169,666.84
587,294,293,282,125,50,125,100,50,125,100,50,150,0.583385,0.397857,0.0187579,-0.6103,-0.709072,0.353202,540.516,470.288,-129.169,714.65
588,326,327,338,100,50,50,125,50,50,125,50,25,0.453431,0.233514,0.313054,-0.64885,-0.715742,0.258276,540.516,470.288,-129.169,666.7
589,283,282,271,125,50,150,100,50,150,100,50,175,0.29485,0.332642,0.372508,-0.601299,-0.69855,0.387902,540.516,470.288,-129.169,743.089
591,383,373,384,-125,50,-75,-100,50,-75,-100,50,-100,0.111233,0.248369,0.640398,-0.824218,-0.563674,0.0541893,540.516,470.288,-129.169,788.496
592,280,281,292,50,50,150,75,50,150,75,50,125,0.570164,0.114136,0.3157,-0.645711,-0.675099,0.356788,540.516,470.288,-129.169,759.254
593,316,305,477,125,50,75,125,50,100,125,25,100,0.182816,0.524607,0.292577,-0.609609,-0.72691,0.316195,540.516,470.288,-129.169,698.836
594,300,301,312,0,50,100,25,50,100,25,50,75,0.24332,0.41208,0.3446,-0.699136,-0.652807,0.291638,540.516,470.288,-129.169,775.383
595,401,400,389,50,50,-125,25,50,-125,25,50,-100,0.447967,0.494053,0.0579797,-0.760248,-0.64946,0.0150139,540.516,470.288,-129.169,668.088
596,348,347,336,100,50,-0,75,50,-0,75,50,25,0.305834,0.467816,0.226351,-0.689292,-0.694523,0.206189,540.516,470.288,-129.169,679.012
597,370,371,382,100,50,-50,125,50,-50,125,50,-75,0.0937988,0.887012,0.0191891,-0.679024,-0.722763,0.128605,540.516,470.288,-129.169,622.113
598,477,476,64,125,25,100,125,25,125,125,0,125,0.425036,0.309782,0.265182,-0.58987,-0.742322,0.317822,540.516,470.288,-129.169,721.45
599,370,371,382,100,50,-50,125,50,-50,125,50,-75,0.610363,0.0924832,0.297154,-0.691625,-0.712058,0.120951,540.516,470.288,-129.169,628.685
600,303,302,291,75,50,100,50,50,100,50,50,125,0.59108,0.205961,0.202959,-0.65997,-0.680634,0.318084,540.516,470.288,-129.169,739.068
603,441,442,453,-50,50,-225,-25,50,-225,-25,50,-250,0.680935,0.156082,0.162983,-0.803,-0.579949,-0.137294,540.516,470.288,-129.169,729.144
604,231,233,234,-100,50,250,-75,50,250,-75,50,225,0.0252514,0.212079,0.762669,-0.698285,-0.59641,0.395844,540.516,470.288,-129.169,907.284
605,314,315,326,75,50,75,100,50,75,100,50,50,0.413962,0.222407,0.363631,-0.656967,-0.69897,0.282552,540.516,470.288,-129.169,700.289
606,342,343,354,-50,50,-0,-25,50,-0,-25,50,-25,0.293689,0.489505,0.216806,-0.76825,-0.617128,0.170133,540.516,470.288,-129.169,750.946
607,403,404,415,100,50,-125,125,50,-125,125,50,-150,0.83412,0.061745,0.104135,-0.713865,-0.70021,0.0101248,540.516,470.288,-129.169,606.262
608,401,402,413,50,50,-125,75,50,-125,75,50,-150,0.13321,0.416437,0.450352,-0.738908,-0.67379,-0.00464742,540.516,470.288,-129.169,648.045
609,244,242,241,50,50,225,25,50,225,25,50,250,0.00449711,0.378975,0.616528,-0.628854,-0.645012,0.434169,540.516,470.288,-129.169,848.048
610,275,274,263,-75,50,150,-100,50,150,-100,50,175,0.748108,0.199319,0.0525726,-0.734197,-0.596632,0.324014,540.516,470.288,-129.169,878.826
611,488,487,185,125,25,-175,125,25,-150,125,0,-150,0.0182294,0.833984,0.147787,-0.675393,-0.736612,-0.035327,540.516,470.288,-129.169,610.736
612,446,447,458,75,50,-225,100,50,-225,100,50,-250,0.818307,0.146742,0.0349512,-0.730072,-0.666144,-0.152471,540.516,470.288,-129.169,624.18
613,282,281,270,100,50,150,75,50,150,75,50,175,0.454662,0.341025,0.204313,-0.619872,-0.687902,0.377556,540.516,470.288,-129.169,749.365
614,267,268,279,0,50,175,25,50,175,25,50,150,0.701382,0.0331903,0.265428,-0.672361,-0.643406,0.366006,540.516,470.288,-129.169,824.353
616,448,437,489,125,50,-225,125,50,-200,125,25,-200,0.405854,0.265825,0.328322,-0.690351,-0.711231,-0.132535,540.516,470.288,-129.169,593.656
617,290,291,302,25,50,125,50,50,125,50,50,100,0.108761,0.017035,0.874204,-0.673331,-0.67018,0.312224,540.516,470.288,-129.169,747.92
618,300,299,288,0,50,100,-25,50,100,-25,50,125,0.192153,0.626849,0.180997,-0.719304,-0.628681,0.29557,540.516,470.288,-129.169,807.534
619,415,404,486,125,50,-150,125,50,-125,125,25,-125,0.86607,0.0760272,0.0579028,-0.698184,-0.715447,-0.0259536,540.516,470.288,-129.169,605.042
620,299,298,287,-25,50,100,-50,50,100,-50,50,125,0.634912,0.328234,0.0368536,-0.728468,-0.621744,0.287695,540.516,470.288,-129.169,806.755
622,379,378,367,50,50,-75,25,50,-75,25,50,-50,0.366803,0.624259,0.00893799,-0.751382,-0.65406,0.0873545,540.516,470.288,-129.169,697.857
625,279,280,291,25,50,150,50,50,150,50,50,125,0.728002,0.0191437,0.252855,-0.666641,-0.658632,0.34899,540.516,470.288,-129.169,788.73
626,286,287,298,-75,50,125,-50,50,125,-50,50,100,0.199766,0.303771,0.496463,-0.734713,-0.612178,0.292294,540.516,470.288,-129.169,841.459
627,251,232,252,-125,50,225,-100,50,225,-100,50,200,0.185791,0.791694,0.0225153,-0.717275,-0.582714,0.382049,540.516,470.288,-129.169,926.799
628,421,420,409,0,50,-175,-25,50,-175,-25,50,-150,0.50968,0.297405,0.192915,-0.792184,-0.607862,-0.0542905,540.516,470.288,-129.169,698.496
630,473,472,20,125,25,200,125,25,225,125,0,225,0.141423,0.698963,0.159614,-0.544209,-0.71971,0.431108,540.516,470.288,-129.169,782.611
631,301,302,313,25,50,100,50,50,100,50,50,75,0.252473,0.224404,0.523123,-0.684128,-0.667855,0.293154,540.516,470.288,-129.169,743.889
632,390,391,402,50,50,-100,75,50,-100,75,50,-125,0.07698,0.522784,0.400236,-0.73332,-0.678859,0.0373033,540.516,470.288,-129.169,644.247
633,414,413,402,100,50,-150,75,50,-150,75,50,-125,0.293632,0.69945,0.00691833,-0.732756,-0.679942,-0.0273471,540.516,470.288,-129.169,631.637
634,412,413,424,50,50,-150,75,50,-150,75,50,-175,0.144633,0.0232299,0.832138,-0.741597,-0.66805,-0.0611793,540.516,470.288,-129.169,634.939
635,269,268,257,50,50,175,25,50,175,25,50,200,0.78031,0.0117462,0.207944,-0.642586,-0.659722,0.389679,540.516,470.288,-129.169,801.794
636,247,249,250,100,50,250,125,50,250,125,50,225,0.196139,0.200403,0.603458,-0.554807,-0.693455,0.459683,540.516,470.288,-129.169,790.348
637,363,362,351,-75,50,-50,-100,50,-50,-100,50,-25,0.106792,0.598944,0.294264,-0.809787,-0.575325,0.115095,540.516,470.288,-129.169,798.46
638,485,484,152,125,25,-100,125,25,-75,125,0,-75,0.36038,0.583875,0.0557446,-0.665835,-0.743076,0.0670898,540.516,470.288,-129.169,625.524
639,473,472,20,125,25,200,125,25,225,125,0,225,0.886379,0.00624329,0.107378,-0.552397,-0.722855,0.415137,540.516,470.288,-129.169,785.653
640,304,303,292,100,50,100,75,50,100,75,50,125,0.708937,0.222595,0.0684686,-0.63957,-0.696934,0.324397,540.516,470.288,-129.169,725.24
641,302,303,314,50,50,100,75,50,100,75,50,75,0.311334,0.44966,0.239006,-0.663059,-0.682282,0.307968,540.516,470.288,-129.169,732.97
642,336,335,324,75,50,25,50,50,25,50,50,50,0.211423,0.272249,0.516328,-0.695834,-0.676944,0.239919,540.516,470.288,-129.169,699.304
643,267,268,279,0,50,175,25,50,175,25,50,150,0.0746948,0.6129,0.312405,-0.662799,-0.651351,0.369377,540.516,470.288,-129.169,811.437
644,256,257,268,0,50,200,25,50,200,25,50,175,0.103059,0.711957,0.184984,-0.650277,-0.649006,0.39488,540.516,470.288,-129.169,813.653
645,366,367,378,0,50,-50,25,50,-50,25,50,-75,0.745183,0.0933365,0.16148,-0.762093,-0.637527,0.113024,540.516,470.288,-129.169,703.457
647,272,271,260,125,50,175,100,50,175,100,50,200,0.339832,0.018581,0.641587,-0.585479,-0.694912,0.417506,540.516,470.288,-129.169,760.31
648,268,269,280,25,50,175,50,50,175,50,50,150,0.737185,0.177621,0.0851935,-0.654798,-0.65447,0.378034,540.516,470.288,-129.169,804.839
649,242,240,239,25,50,225,0,50,225,0,50,250,0.0636914,0.597112,0.339196,-0.6484,-0.633641,0.421991,540.516,470.288,-129.169,863.213
650,356,355,344,25,50,-25,0,50,-25,0,50,-0,0.666965,0.0127148,0.32032,-0.743041,-0.649108,0.162941,540.516,470.288,-129.169,719.974
651,423,424,435,50,50,-175,75,50,-175,75,50,-200,0.0964087,0.0273432,0.876248,-0.739316,-0.665019,-0.10565,540.516,470.288,-129.169,643.168
653,240,242,257,0,50,225,25,50,225,25,50,200,0.0101001,0.443847,0.546053,-0.641682,-0.648218,0.409949,540.516,470.288,-129.169,823.012
654,322,323,334,0,50,50,25,50,50,25,50,25,0.280044,0.35543,0.364526,-0.720131,-0.653079,0.234304,540.516,470.288,-129.169,729.48
656,379,380,391,50,50,-75,75,50,-75,75,50,-100,0.190293,0.533016,0.276691,-0.728908,-0.679837,0.0807095,540.516,470.288,-129.169,644.461
657,485,484,152,125,25,-100,125,25,-75,125,0,-75,0.700448,0.141304,0.158248,-0.665767,-0.744254,0.0532934,540.516,470.288,-129.169,630.07
658,272,261,473,125,50,175,125,50,200,125,25,200,0.203099,0.338723,0.458179,-0.56473,-0.715199,0.41179,540.516,470.288,-129.169,762.859
659,334,333,322,25,50,25,0,50,25,0,50,50,0.233906,0.321609,0.444484,-0.729682,-0.645391,0.22591,540.516,470.288,-129.169,734.175
660,267,268,279,0,50,175,25,50,175,25,50,150,0.687666,0.0436078,0.268726,-0.672159,-0.643622,0.365997,540.516,470.288,-129.169,824.377
662,290,291,302,25,50,125,50,50,125,50,50,100,0.0990405,0.744856,0.156104,-0.666042,-0.668534,0.330833,540.516,470.288,-129.169,759.168
663,382,381,370,125,50,-75,100,50,-75,100,50,-50,0.313206,0.586274,0.10052,-0.698666,-0.708638,0.0984787,540.516,470.288,-129.169,630.934
664,246,244,243,75,50,225,50,50,225,50,50,250,0.479421,0.27993,0.240649,-0.604892,-0.66383,0.439814,540.516,470.288,-129.169,825.608
665,248,246,245,100,50,225,75,50,225,75,50,250,0.238458,0.609418,0.152123,-0.590064,-0.674568,0.443603,540.516,470.288,-129.169,806.582
666,488,487,185,125,25,-175,125,25,-150,125,0,-150,0.121146,0.22109,0.657764,-0.664214,-0.746351,-0.0421837,540.516,470.288,-129.169,616.043
667,483,484,382,125,25,-50,125,25,-75,125,50,-75,0.0626844,0.0942871,0.843029,-0.682036,-0.725561,0.0915866,540.516,470.288,-129.169,609.402
668,392,391,380,100,50,-100,75,50,-100,75,50,-75,0.432968,0.0977893,0.469243,-0.719399,-0.690858,0.0719764,540.516,470.288,-129.169,643.422
669,379,380,391,50,50,-75,75,50,-75,75,50,-100,0.218517,0.0602874,0.721196,-0.732233,-0.678099,0.0633807,540.516,470.288,-129.169,646.566
670,410,411,422,0,50,-150,25,50,-150,25,50,-175,0.0835352,0.0297521,0.886713,-0.772538,-0.632136,-0.0599017,540.516,470.288,-129.169,677.652
671,420,421,432,-25,50,-175,0,50,-175,0,50,-200,0.0899316,0.730313,0.179756,-0.78684,-0.613318,-0.0687353,540.516,470.288,-129.169,688.732
672,297,296,285,-75,50,100,-100,50,100,-100,50,125,0.243713,0.441472,0.314815,-0.758089,-0.589331,0.279268,540.516,470.288,-129.169,860.513
674,238,240,256,-25,50,225,0,50,225,0,50,200,0.488853,0.0233539,0.487794,-0.666599,-0.62933,0.399486,540.516,470.288,-129.169,859.903
