%YAML:1.0
---
intrinsic: !!opencv-matrix
   rows: 3
   cols: 3
   dt: f
   data: [ 9.26104004e+02, 0., 6.48973022e+02, 0., 9.24926025e+02,
       3.48566010e+02, 0., 0., 1. ]
