%YAML:1.0
---
pose: !!opencv-matrix
   rows: 4
   cols: 4
   dt: d
   data: [ 7.4293732643127441e-02, 5.2159070968627930e-02,
       -9.9587142467498779e-01, -4.5808994293212891e+01,
       -5.0912702083587646e-01, 8.6066216230392456e-01,
       7.0956647396087646e-03, 4.4768710136413574e+00,
       8.5747897624969482e-01, 5.0649785995483398e-01,
       9.0497374534606934e-02, -7.3270941162109375e+02, 0., 0., 0., 1. ]
